Sample	0	1	2	3	4	5	6	7	8	9	10	11	12	13	14	15	16	17	18	19	20	21	22	23	24	25	26	27	28	29	30	31	32	33	34	35	36	37	38	39	40	41	42	43	44	45	46	47	48	49	50	51	52	53	54	55	56	57	58	59	60	61	62	63	64	65	66	67	68	69	70	71	72	73	74	75	76	77	78	79	80	81	82	83	84	85	86	87	88	89	90	91	92	93	94	95	96	97	98	99	100	101	102	103	104	105	106	107	108	109	110	111	112	113	114	115	116	117	118	119	120	121	122	123	124	125	126	127	128	129	130	131	132	133	134	135	136	137	138	139	140	141	142	143	144	145	146	147	148	149	150
14340-YK-1_1 - Adapter 1	(1, 0.6925649553988976)	(2, 0.9124245691043554)	(3, 1.1641669192075648)	(4, 1.9651460726894532)	(5, 5.722681823019994)	(6, 20.403445056579773)	(7, 78.24277741300065)	(8, 314.05039395929083)	(9, 1287.4720945502297)	(10, 5016.141732283464)	(11, 20373.947368421053)	(12, 79070.41666666667)	(13, 316742.5)	(14, 307995.8333333334)	(15, 310560.8333333334)	(16, 305693.3333333334)	(17, 300073.3333333334)	(18, 293501.6666666667)	(19, 293116.6666666667)	(20, 293586.6666666667)	(21, 294068.3333333334)	(22, 283805.8333333334)	(23, 283165.0)	(24, 281665.0)	(25, 274024.1666666667)	(26, 265089.1666666667)	(27, 267179.1666666667)	(28, 260709.1666666667)	(29, 254929.1666666667)	(30, 247391.6666666667)	(31, 244920.83333333334)	(32, 247364.1666666667)	(33, 234994.1666666667)	(34, 234136.6666666667)	(35, 222560.83333333334)	(36, 219229.1666666667)	(37, 214065.0)	(38, 212950.83333333334)	(39, 201488.33333333334)	(40, 200567.5)	(41, 194786.6666666667)	(42, 199145.0)	(43, 187211.6666666667)	(44, 296504.1666666667)	(45, 155923.33333333334)	(46, 239306.6666666667)	(47, 70585.83333333334)	(48, 398930.8333333334)	(49, 463898.3333333334)	(50, 117866.66666666667)	(51, 104108.33333333334)	(52, 184558.33333333334)	(53, 40184.16666666667)	(54, 142440.0)	(55, 31586.666666666668)	(56, 82903.33333333334)	(57, 34717.5)	(58, 64169.16666666667)	(59, 194904.1666666667)	(60, 33565.833333333336)	(61, 110682.5)	(62, 11385.0)	(63, 10193.333333333334)	(64, 46312.5)	(65, 100409.16666666667)	(66, 10046.666666666668)	(67, 4537.5)	(68, 33043.333333333336)	(69, 39227.5)	(70, 41818.333333333336)	(71, 26660.0)	(72, 9142.5)	(73, 10351.666666666668)	(74, 25943.333333333336)	(75, 31514.166666666668)	(76, 31943.333333333336)	(77, 31421.666666666668)	(78, 29635.0)	(79, 27662.5)	(80, 25417.5)	(81, 23385.833333333336)	(82, 20924.166666666668)	(83, 19346.666666666668)	(84, 17874.166666666668)	(85, 16373.333333333334)	(86, 15669.166666666668)	(87, 14670.0)	(88, 13488.333333333334)	(89, 12386.666666666668)	(90, 11356.666666666668)	(91, 10013.333333333334)	(92, 8930.833333333334)	(93, 7753.333333333334)	(94, 7055.0)	(95, 6254.166666666667)	(96, 5679.166666666667)	(97, 5201.666666666667)	(98, 4857.5)	(99, 4339.166666666667)	(100, 3885.0)	(101, 3463.3333333333335)	(102, 3000.0)	(103, 2522.5)	(104, 2163.3333333333335)	(105, 1808.3333333333335)	(106, 1687.5)	(107, 1506.6666666666667)	(108, 1367.5)	(109, 1310.0)	(110, 1265.0)	(111, 1057.5)	(112, 942.5)	(113, 787.5)	(114, 661.6666666666667)	(115, 595.8333333333334)	(116, 496.6666666666667)	(117, 502.5)	(118, 415.0)	(119, 355.0)	(120, 368.33333333333337)	(121, 345.83333333333337)	(122, 350.0)	(123, 246.66666666666669)	(124, 210.0)	(125, 190.83333333333334)	(126, 175.0)	(127, 151.66666666666669)	(128, 162.5)	(129, 180.83333333333334)	(130, 177.5)	(131, 185.0)	(132, 285.0)	(133, 194.16666666666669)	(134, 209.16666666666669)	(135, 294.1666666666667)	(136, 239.16666666666669)	(137, 247.5)	(138, 233.33333333333334)	(139, 245.0)	(140, 268.33333333333337)	(141, 295.83333333333337)	(142, 389.1666666666667)	(143, 270.0)	(144, 290.0)	(145, 355.0)	(146, 373.33333333333337)	(147, 405.0)	(148, 491.6666666666667)	(149, 407.5)	(150, 4597.5)	(151, 190520.0)
14340-YK-1_2 - Adapter 1	(1, 0.7394323133924113)	(2, 1.0146104558061217)	(3, 1.4501759984970177)	(4, 2.206585037119301)	(5, 5.873749491845808)	(6, 20.484698326716117)	(7, 78.48777084701247)	(8, 313.6342744583059)	(9, 1285.403808273145)	(10, 5112.45406824147)	(11, 20337.473684210527)	(12, 87233.54166666667)	(13, 284500.8333333334)	(14, 312805.8333333334)	(15, 315303.3333333334)	(16, 297671.6666666667)	(17, 306711.6666666667)	(18, 294818.3333333334)	(19, 386580.0)	(20, 283498.3333333334)	(21, 236805.83333333334)	(22, 265660.0)	(23, 282357.5)	(24, 341722.5)	(25, 235673.33333333334)	(26, 273163.3333333334)	(27, 372417.5)	(28, 222379.1666666667)	(29, 240534.1666666667)	(30, 259130.0)	(31, 218174.1666666667)	(32, 231900.0)	(33, 221881.6666666667)	(34, 308175.8333333334)	(35, 145543.33333333334)	(36, 212160.0)	(37, 213434.1666666667)	(38, 359345.0)	(39, 93953.33333333334)	(40, 233392.5)	(41, 215847.5)	(42, 124976.66666666667)	(43, 228514.1666666667)	(44, 122173.33333333334)	(45, 269620.8333333334)	(46, 112860.83333333334)	(47, 130299.16666666667)	(48, 169579.1666666667)	(49, 138641.6666666667)	(50, 116056.66666666667)	(51, 128573.33333333334)	(52, 149498.33333333334)	(53, 92469.16666666667)	(54, 125768.33333333334)	(55, 125333.33333333334)	(56, 91727.5)	(57, 114126.66666666667)	(58, 128696.66666666667)	(59, 92303.33333333334)	(60, 70312.5)	(61, 74465.83333333334)	(62, 103056.66666666667)	(63, 52406.66666666667)	(64, 96493.33333333334)	(65, 42854.16666666667)	(66, 56639.16666666667)	(67, 78601.66666666667)	(68, 37823.333333333336)	(69, 37736.66666666667)	(70, 71742.5)	(71, 19899.166666666668)	(72, 42255.833333333336)	(73, 42751.66666666667)	(74, 44313.333333333336)	(75, 49811.66666666667)	(76, 16941.666666666668)	(77, 22020.0)	(78, 28070.833333333336)	(79, 27178.333333333336)	(80, 25334.166666666668)	(81, 23435.0)	(82, 21334.166666666668)	(83, 19334.166666666668)	(84, 17999.166666666668)	(85, 16598.333333333336)	(86, 15664.166666666668)	(87, 14720.833333333334)	(88, 13610.0)	(89, 12516.666666666668)	(90, 11496.666666666668)	(91, 10164.166666666668)	(92, 9021.666666666668)	(93, 7839.166666666667)	(94, 7179.166666666667)	(95, 6319.166666666667)	(96, 5716.666666666667)	(97, 5313.333333333334)	(98, 4899.166666666667)	(99, 4419.166666666667)	(100, 3922.5)	(101, 3495.0)	(102, 3070.8333333333335)	(103, 2561.666666666667)	(104, 2215.0)	(105, 1877.5)	(106, 1705.0)	(107, 1549.1666666666667)	(108, 1430.0)	(109, 1353.3333333333335)	(110, 1269.1666666666667)	(111, 1068.3333333333335)	(112, 970.8333333333334)	(113, 821.6666666666667)	(114, 693.3333333333334)	(115, 612.5)	(116, 531.6666666666667)	(117, 517.5)	(118, 443.33333333333337)	(119, 438.33333333333337)	(120, 392.5)	(121, 342.5)	(122, 345.83333333333337)	(123, 285.83333333333337)	(124, 281.6666666666667)	(125, 218.33333333333334)	(126, 200.83333333333334)	(127, 198.33333333333334)	(128, 155.0)	(129, 199.16666666666669)	(130, 226.66666666666669)	(131, 201.66666666666669)	(132, 268.33333333333337)	(133, 195.83333333333334)	(134, 189.16666666666669)	(135, 295.0)	(136, 225.83333333333334)	(137, 247.5)	(138, 230.0)	(139, 337.5)	(140, 264.1666666666667)	(141, 295.0)	(142, 379.1666666666667)	(143, 294.1666666666667)	(144, 288.33333333333337)	(145, 339.1666666666667)	(146, 361.6666666666667)	(147, 371.6666666666667)	(148, 498.33333333333337)	(149, 335.0)	(150, 227.5)	(151, 7561.666666666667)
14340-YK-2_1 - Adapter 1	(1, 0.7463896476883641)	(2, 0.9683226373790859)	(3, 1.1807435403296724)	(4, 1.8328195284570468)	(5, 4.994964729155116)	(6, 17.031521671448484)	(7, 65.80986320266697)	(8, 261.1885968273431)	(9, 1048.1514408338444)	(10, 4108.0024509803925)	(11, 16382.450980392157)	(12, 63826.4705882353)	(13, 249730.76923076922)	(14, 240753.84615384616)	(15, 242603.0769230769)	(16, 234336.92307692306)	(17, 230851.53846153844)	(18, 223678.46153846153)	(19, 222461.53846153847)	(20, 219869.23076923075)	(21, 220106.92307692306)	(22, 210102.3076923077)	(23, 209932.3076923077)	(24, 205307.6923076923)	(25, 200166.92307692306)	(26, 192638.46153846153)	(27, 191030.76923076922)	(28, 186790.76923076922)	(29, 180600.0)	(30, 174583.0769230769)	(31, 171854.61538461538)	(32, 172046.15384615384)	(33, 162126.15384615384)	(34, 160773.84615384616)	(35, 154326.92307692306)	(36, 152336.15384615384)	(37, 152666.15384615384)	(38, 131970.76923076922)	(39, 136375.38461538462)	(40, 133628.46153846153)	(41, 128616.92307692308)	(42, 128157.6923076923)	(43, 121800.0)	(44, 172772.3076923077)	(45, 95591.53846153845)	(46, 155461.53846153847)	(47, 39962.30769230769)	(48, 135746.92307692306)	(49, 163780.76923076922)	(50, 69274.61538461538)	(51, 93996.15384615384)	(52, 91373.84615384616)	(53, 52876.153846153844)	(54, 94026.15384615384)	(55, 43918.46153846154)	(56, 72145.38461538461)	(57, 49293.84615384615)	(58, 53186.153846153844)	(59, 100155.38461538461)	(60, 41359.230769230766)	(61, 88696.92307692308)	(62, 15276.923076923076)	(63, 21841.53846153846)	(64, 37658.46153846154)	(65, 92017.6923076923)	(66, 13526.153846153846)	(67, 9210.76923076923)	(68, 32988.46153846154)	(69, 33779.230769230766)	(70, 40560.0)	(71, 26304.615384615383)	(72, 6513.846153846153)	(73, 9974.615384615385)	(74, 19237.69230769231)	(75, 20870.76923076923)	(76, 20331.53846153846)	(77, 19507.69230769231)	(78, 18345.384615384613)	(79, 16857.69230769231)	(80, 15743.076923076922)	(81, 14395.384615384615)	(82, 13088.461538461537)	(83, 12073.076923076922)	(84, 10986.923076923076)	(85, 10182.307692307691)	(86, 9691.538461538461)	(87, 8921.538461538461)	(88, 8249.23076923077)	(89, 7569.230769230769)	(90, 7030.0)	(91, 6111.538461538461)	(92, 5413.076923076923)	(93, 4716.923076923077)	(94, 4190.7692307692305)	(95, 3802.3076923076924)	(96, 3528.4615384615386)	(97, 3114.6153846153843)	(98, 2950.0)	(99, 2626.153846153846)	(100, 2372.3076923076924)	(101, 2039.230769230769)	(102, 1786.1538461538462)	(103, 1524.6153846153845)	(104, 1303.8461538461538)	(105, 1169.2307692307693)	(106, 1066.1538461538462)	(107, 963.0769230769231)	(108, 947.6923076923076)	(109, 880.7692307692307)	(110, 829.2307692307692)	(111, 681.5384615384615)	(112, 636.1538461538462)	(113, 569.2307692307692)	(114, 453.8461538461538)	(115, 413.07692307692304)	(116, 386.9230769230769)	(117, 374.6153846153846)	(118, 330.7692307692308)	(119, 286.9230769230769)	(120, 272.3076923076923)	(121, 273.0769230769231)	(122, 271.53846153846155)	(123, 217.69230769230768)	(124, 180.0)	(125, 151.53846153846155)	(126, 154.6153846153846)	(127, 142.3076923076923)	(128, 166.15384615384616)	(129, 143.84615384615384)	(130, 163.07692307692307)	(131, 186.15384615384616)	(132, 210.76923076923077)	(133, 179.23076923076923)	(134, 216.9230769230769)	(135, 266.9230769230769)	(136, 230.0)	(137, 236.15384615384613)	(138, 246.9230769230769)	(139, 236.15384615384613)	(140, 263.0769230769231)	(141, 261.53846153846155)	(142, 299.2307692307692)	(143, 230.76923076923077)	(144, 282.3076923076923)	(145, 290.0)	(146, 316.15384615384613)	(147, 385.38461538461536)	(148, 377.6923076923077)	(149, 325.38461538461536)	(150, 3165.3846153846152)	(151, 125493.07692307692)
14340-YK-2_2 - Adapter 1	(1, 0.8002953393080996)	(2, 1.083049001814882)	(3, 1.504993732108444)	(4, 2.1037031670697077)	(5, 5.17221105268893)	(6, 17.149686028633422)	(7, 65.84818178334675)	(8, 258.56770633765035)	(9, 1056.5358675659106)	(10, 4150.77205882353)	(11, 16422.892156862745)	(12, 68645.29411764706)	(13, 230535.3846153846)	(14, 242936.92307692306)	(15, 245446.92307692306)	(16, 230905.3846153846)	(17, 233557.6923076923)	(18, 225814.61538461538)	(19, 286479.23076923075)	(20, 217208.46153846153)	(21, 176034.61538461538)	(22, 195943.0769230769)	(23, 208796.92307692306)	(24, 239881.53846153844)	(25, 175011.53846153847)	(26, 197676.92307692306)	(27, 269456.1538461538)	(28, 145445.38461538462)	(29, 177875.3846153846)	(30, 174391.53846153847)	(31, 161965.38461538462)	(32, 155230.76923076922)	(33, 156146.15384615384)	(34, 160409.23076923075)	(35, 270079.23076923075)	(36, 76509.23076923077)	(37, 176953.84615384616)	(38, 148644.61538461538)	(39, 93046.92307692308)	(40, 140883.0769230769)	(41, 100571.53846153845)	(42, 127140.76923076922)	(43, 135808.46153846153)	(44, 91111.53846153845)	(45, 166984.61538461538)	(46, 77704.61538461538)	(47, 87268.46153846153)	(48, 107765.38461538461)	(49, 88611.53846153845)	(50, 74823.84615384616)	(51, 81986.15384615384)	(52, 94374.61538461538)	(53, 58820.76923076923)	(54, 79800.0)	(55, 74871.53846153845)	(56, 60508.46153846154)	(57, 74064.61538461538)	(58, 83380.76923076923)	(59, 50943.07692307692)	(60, 51226.153846153844)	(61, 45338.46153846154)	(62, 58112.30769230769)	(63, 33968.46153846154)	(64, 57835.38461538461)	(65, 27329.23076923077)	(66, 35386.153846153844)	(67, 47929.230769230766)	(68, 23942.30769230769)	(69, 23577.69230769231)	(70, 44065.38461538462)	(71, 12635.384615384615)	(72, 26416.923076923074)	(73, 26080.0)	(74, 27574.615384615383)	(75, 30723.076923076922)	(76, 9778.461538461539)	(77, 13597.692307692307)	(78, 17344.615384615383)	(79, 16513.076923076922)	(80, 15593.076923076922)	(81, 14247.692307692307)	(82, 13041.538461538461)	(83, 11968.461538461537)	(84, 10966.153846153846)	(85, 10201.538461538461)	(86, 9668.461538461539)	(87, 8914.615384615385)	(88, 8265.384615384615)	(89, 7586.923076923076)	(90, 7085.384615384615)	(91, 6107.692307692308)	(92, 5470.0)	(93, 4742.307692307692)	(94, 4239.2307692307695)	(95, 3854.6153846153843)	(96, 3531.5384615384614)	(97, 3179.230769230769)	(98, 2950.7692307692305)	(99, 2713.846153846154)	(100, 2408.4615384615386)	(101, 2073.076923076923)	(102, 1852.3076923076922)	(103, 1538.4615384615383)	(104, 1322.3076923076922)	(105, 1234.6153846153845)	(106, 1107.6923076923076)	(107, 999.2307692307692)	(108, 966.1538461538461)	(109, 903.8461538461538)	(110, 840.7692307692307)	(111, 723.0769230769231)	(112, 662.3076923076923)	(113, 582.3076923076923)	(114, 488.46153846153845)	(115, 433.8461538461538)	(116, 406.9230769230769)	(117, 383.8461538461538)	(118, 336.9230769230769)	(119, 348.46153846153845)	(120, 303.8461538461538)	(121, 293.8461538461538)	(122, 274.6153846153846)	(123, 257.6923076923077)	(124, 260.0)	(125, 195.3846153846154)	(126, 170.0)	(127, 181.53846153846152)	(128, 170.76923076923077)	(129, 178.46153846153845)	(130, 200.76923076923077)	(131, 216.9230769230769)	(132, 215.3846153846154)	(133, 192.3076923076923)	(134, 212.3076923076923)	(135, 273.8461538461538)	(136, 220.76923076923077)	(137, 223.07692307692307)	(138, 240.76923076923077)	(139, 295.38461538461536)	(140, 250.76923076923077)	(141, 292.3076923076923)	(142, 332.3076923076923)	(143, 253.07692307692307)	(144, 290.0)	(145, 281.53846153846155)	(146, 314.6153846153846)	(147, 369.2307692307692)	(148, 380.7692307692308)	(149, 289.2307692307692)	(150, 155.3846153846154)	(151, 5454.615384615385)
14340-YK-3_1 - Adapter 1	(1, 0.7321011485665294)	(2, 0.9600781063527049)	(3, 1.211857534583009)	(4, 1.9930586998753395)	(5, 5.681157632171037)	(6, 19.94673693914323)	(7, 76.42021752085816)	(8, 303.2292908224076)	(9, 1227.783075089392)	(10, 4754.636471990464)	(11, 19091.714285714286)	(12, 74714.03846153845)	(13, 296605.3846153846)	(14, 286380.76923076925)	(15, 286586.1538461538)	(16, 279278.4615384615)	(17, 271551.53846153844)	(18, 262610.0)	(19, 261963.84615384616)	(20, 257626.92307692306)	(21, 257421.53846153844)	(22, 245355.3846153846)	(23, 243880.76923076922)	(24, 237662.3076923077)	(25, 229512.3076923077)	(26, 219961.53846153847)	(27, 219300.76923076922)	(28, 211886.15384615384)	(29, 205409.23076923075)	(30, 198130.76923076922)	(31, 193669.23076923075)	(32, 193570.76923076922)	(33, 183846.15384615384)	(34, 177104.61538461538)	(35, 170790.76923076922)	(36, 166049.23076923075)	(37, 163833.0769230769)	(38, 151106.15384615384)	(39, 149846.15384615384)	(40, 143449.23076923075)	(41, 140460.76923076922)	(42, 138480.0)	(43, 135752.3076923077)	(44, 224302.3076923077)	(45, 116883.84615384616)	(46, 157872.3076923077)	(47, 52339.230769230766)	(48, 451498.4615384615)	(49, 252669.23076923075)	(50, 82348.46153846153)	(51, 48796.153846153844)	(52, 125710.0)	(53, 20996.923076923074)	(54, 42837.692307692305)	(55, 15358.461538461537)	(56, 32767.692307692305)	(57, 9460.0)	(58, 35987.692307692305)	(59, 89742.30769230769)	(60, 11840.76923076923)	(61, 50055.38461538462)	(62, 7385.384615384615)	(63, 3600.0)	(64, 27787.69230769231)	(65, 43006.153846153844)	(66, 7439.230769230769)	(67, 3017.6923076923076)	(68, 10480.76923076923)	(69, 16749.23076923077)	(70, 17416.153846153844)	(71, 10236.153846153846)	(72, 3903.846153846154)	(73, 7447.692307692308)	(74, 15646.923076923076)	(75, 17866.923076923078)	(76, 17848.46153846154)	(77, 16891.53846153846)	(78, 15819.23076923077)	(79, 14433.076923076922)	(80, 13117.692307692307)	(81, 12286.923076923076)	(82, 11036.153846153846)	(83, 10208.461538461539)	(84, 9322.307692307691)	(85, 8535.384615384615)	(86, 8163.076923076923)	(87, 7435.384615384615)	(88, 6981.538461538461)	(89, 6316.923076923077)	(90, 5733.076923076923)	(91, 4951.538461538461)	(92, 4403.076923076923)	(93, 3888.461538461538)	(94, 3467.6923076923076)	(95, 3090.0)	(96, 2780.7692307692305)	(97, 2596.153846153846)	(98, 2389.230769230769)	(99, 2241.5384615384614)	(100, 1970.7692307692307)	(101, 1723.076923076923)	(102, 1489.2307692307693)	(103, 1336.1538461538462)	(104, 1155.3846153846152)	(105, 1056.923076923077)	(106, 959.2307692307692)	(107, 843.0769230769231)	(108, 826.1538461538461)	(109, 802.3076923076923)	(110, 740.0)	(111, 654.6153846153846)	(112, 570.0)	(113, 532.3076923076923)	(114, 424.6153846153846)	(115, 391.53846153846155)	(116, 304.6153846153846)	(117, 343.07692307692304)	(118, 311.53846153846155)	(119, 290.7692307692308)	(120, 276.9230769230769)	(121, 294.6153846153846)	(122, 263.8461538461538)	(123, 218.46153846153845)	(124, 185.3846153846154)	(125, 163.84615384615384)	(126, 161.53846153846152)	(127, 149.23076923076923)	(128, 141.53846153846155)	(129, 172.3076923076923)	(130, 190.0)	(131, 191.53846153846152)	(132, 277.6923076923077)	(133, 203.07692307692307)	(134, 188.46153846153845)	(135, 276.9230769230769)	(136, 236.9230769230769)	(137, 245.3846153846154)	(138, 280.7692307692308)	(139, 248.46153846153845)	(140, 256.9230769230769)	(141, 338.46153846153845)	(142, 405.38461538461536)	(143, 260.0)	(144, 328.46153846153845)	(145, 381.53846153846155)	(146, 407.6923076923077)	(147, 510.7692307692308)	(148, 520.7692307692307)	(149, 408.46153846153845)	(150, 3117.6923076923076)	(151, 114291.53846153845)
14340-YK-3_2 - Adapter 1	(1, 0.7874481390931579)	(2, 1.0786942272984634)	(3, 1.533492083480375)	(4, 2.2609683250439687)	(5, 5.822742229666419)	(6, 19.99967408966259)	(7, 76.5144517282479)	(8, 301.8764898688915)	(9, 1222.896305125149)	(10, 4790.595947556615)	(11, 19146.666666666668)	(12, 78254.80769230769)	(13, 282950.0)	(14, 291051.53846153844)	(15, 293691.53846153844)	(16, 269276.1538461538)	(17, 279374.6153846154)	(18, 262074.61538461538)	(19, 348186.1538461538)	(20, 248718.46153846153)	(21, 206876.92307692306)	(22, 241122.3076923077)	(23, 244000.76923076922)	(24, 291701.53846153844)	(25, 200350.76923076922)	(26, 222560.76923076922)	(27, 306910.76923076925)	(28, 178583.0769230769)	(29, 191780.76923076922)	(30, 192038.46153846153)	(31, 210164.61538461538)	(32, 164062.3076923077)	(33, 214731.53846153847)	(34, 199530.76923076922)	(35, 155736.15384615384)	(36, 277134.6153846154)	(37, 124803.07692307692)	(38, 111736.15384615384)	(39, 110286.92307692308)	(40, 112460.0)	(41, 134153.0769230769)	(42, 149462.3076923077)	(43, 130621.53846153845)	(44, 100630.0)	(45, 168444.61538461538)	(46, 87685.38461538461)	(47, 88676.15384615384)	(48, 114216.92307692308)	(49, 88219.23076923077)	(50, 75443.84615384616)	(51, 82616.15384615384)	(52, 92310.0)	(53, 62576.153846153844)	(54, 84575.38461538461)	(55, 70290.76923076923)	(56, 61086.153846153844)	(57, 77453.07692307692)	(58, 79246.15384615384)	(59, 44187.692307692305)	(60, 51406.153846153844)	(61, 42032.30769230769)	(62, 54808.46153846154)	(63, 34686.92307692308)	(64, 53369.230769230766)	(65, 25216.923076923074)	(66, 32924.61538461538)	(67, 42046.92307692308)	(68, 22279.23076923077)	(69, 21793.846153846152)	(70, 39936.153846153844)	(71, 11329.23076923077)	(72, 23460.76923076923)	(73, 23289.23076923077)	(74, 24000.0)	(75, 25085.384615384613)	(76, 7669.230769230769)	(77, 12090.0)	(78, 14833.076923076922)	(79, 14203.076923076922)	(80, 13042.307692307691)	(81, 12202.307692307691)	(82, 11090.0)	(83, 10215.384615384615)	(84, 9261.538461538461)	(85, 8558.461538461539)	(86, 8100.0)	(87, 7423.846153846153)	(88, 7030.7692307692305)	(89, 6384.615384615385)	(90, 5817.692307692308)	(91, 5039.2307692307695)	(92, 4443.846153846153)	(93, 3946.153846153846)	(94, 3529.230769230769)	(95, 3202.3076923076924)	(96, 2804.6153846153843)	(97, 2660.0)	(98, 2439.230769230769)	(99, 2333.076923076923)	(100, 2020.0)	(101, 1798.4615384615383)	(102, 1566.923076923077)	(103, 1387.6923076923076)	(104, 1202.3076923076924)	(105, 1131.5384615384614)	(106, 993.0769230769231)	(107, 896.1538461538461)	(108, 863.8461538461538)	(109, 844.6153846153846)	(110, 764.6153846153846)	(111, 706.9230769230769)	(112, 606.9230769230769)	(113, 567.6923076923076)	(114, 468.46153846153845)	(115, 456.15384615384613)	(116, 347.6923076923077)	(117, 377.6923076923077)	(118, 309.2307692307692)	(119, 362.3076923076923)	(120, 323.07692307692304)	(121, 323.8461538461538)	(122, 296.15384615384613)	(123, 270.0)	(124, 253.07692307692307)	(125, 207.69230769230768)	(126, 182.3076923076923)	(127, 202.3076923076923)	(128, 183.07692307692307)	(129, 196.15384615384616)	(130, 226.15384615384613)	(131, 214.6153846153846)	(132, 273.8461538461538)	(133, 218.46153846153845)	(134, 188.46153846153845)	(135, 280.0)	(136, 227.69230769230768)	(137, 227.69230769230768)	(138, 263.8461538461538)	(139, 327.6923076923077)	(140, 235.3846153846154)	(141, 335.38461538461536)	(142, 423.8461538461538)	(143, 297.6923076923077)	(144, 345.38461538461536)	(145, 373.07692307692304)	(146, 419.2307692307692)	(147, 494.6153846153846)	(148, 558.4615384615385)	(149, 383.8461538461538)	(150, 335.38461538461536)	(151, 9410.76923076923)
14340-YK-4_1 - Adapter 1	(1, 0.7503554472985148)	(2, 0.970407018779503)	(3, 1.1734578535905464)	(4, 1.7949542565023944)	(5, 4.810700863099158)	(6, 16.463389742007454)	(7, 63.08548209471005)	(8, 250.5650489861016)	(9, 1018.6907654921021)	(10, 3947.7885783718107)	(11, 15952.038834951456)	(12, 62574.901960784315)	(13, 247429.23076923075)	(14, 237865.3846153846)	(15, 239426.92307692306)	(16, 232778.46153846153)	(17, 228989.23076923075)	(18, 222388.46153846153)	(19, 221170.0)	(20, 218576.92307692306)	(21, 219585.3846153846)	(22, 210723.84615384616)	(23, 210086.92307692306)	(24, 206963.0769230769)	(25, 199946.92307692306)	(26, 192669.23076923075)	(27, 193195.3846153846)	(28, 185698.46153846153)	(29, 183093.0769230769)	(30, 176700.76923076922)	(31, 174066.15384615384)	(32, 175193.84615384616)	(33, 163656.15384615384)	(34, 164838.46153846153)	(35, 163676.15384615384)	(36, 148345.38461538462)	(37, 148060.76923076922)	(38, 144427.6923076923)	(39, 139632.3076923077)	(40, 134008.46153846153)	(41, 133066.15384615384)	(42, 137693.84615384616)	(43, 126490.76923076922)	(44, 175213.0769230769)	(45, 119583.07692307692)	(46, 138058.46153846153)	(47, 96810.76923076923)	(48, 534870.0)	(49, 129636.15384615384)	(50, 202555.3846153846)	(51, 60290.0)	(52, 186126.92307692306)	(53, 68324.61538461538)	(54, 19843.846153846152)	(55, 9202.307692307691)	(56, 7843.846153846153)	(57, 4481.538461538461)	(58, 19289.23076923077)	(59, 54364.61538461538)	(60, 19974.615384615383)	(61, 36082.30769230769)	(62, 26130.76923076923)	(63, 7738.461538461538)	(64, 24261.53846153846)	(65, 41362.30769230769)	(66, 30314.615384615383)	(67, 2659.230769230769)	(68, 2453.076923076923)	(69, 9657.692307692307)	(70, 13988.461538461537)	(71, 10504.615384615385)	(72, 5387.692307692308)	(73, 3426.9230769230767)	(74, 10154.615384615385)	(75, 17532.30769230769)	(76, 20405.384615384613)	(77, 19403.846153846152)	(78, 19021.53846153846)	(79, 17734.615384615383)	(80, 16348.461538461537)	(81, 14360.0)	(82, 13518.461538461537)	(83, 12396.153846153846)	(84, 11404.615384615385)	(85, 10586.153846153846)	(86, 10166.153846153846)	(87, 9309.23076923077)	(88, 8975.384615384615)	(89, 8052.307692307692)	(90, 7281.538461538461)	(91, 6548.461538461538)	(92, 5671.538461538461)	(93, 4965.384615384615)	(94, 4495.384615384615)	(95, 4137.692307692308)	(96, 3739.230769230769)	(97, 3420.7692307692305)	(98, 3197.6923076923076)	(99, 2917.6923076923076)	(100, 2607.6923076923076)	(101, 2252.3076923076924)	(102, 1966.1538461538462)	(103, 1702.3076923076922)	(104, 1447.6923076923076)	(105, 1286.923076923077)	(106, 1113.076923076923)	(107, 1051.5384615384614)	(108, 1013.0769230769231)	(109, 944.6153846153845)	(110, 786.1538461538461)	(111, 822.3076923076923)	(112, 647.6923076923076)	(113, 562.3076923076923)	(114, 446.9230769230769)	(115, 431.53846153846155)	(116, 386.15384615384613)	(117, 380.7692307692308)	(118, 293.0769230769231)	(119, 276.15384615384613)	(120, 304.6153846153846)	(121, 285.38461538461536)	(122, 266.9230769230769)	(123, 212.3076923076923)	(124, 204.6153846153846)	(125, 180.76923076923077)	(126, 153.84615384615384)	(127, 158.46153846153845)	(128, 138.46153846153845)	(129, 173.07692307692307)	(130, 155.3846153846154)	(131, 185.3846153846154)	(132, 276.15384615384613)	(133, 196.15384615384616)	(134, 229.23076923076923)	(135, 256.9230769230769)	(136, 222.3076923076923)	(137, 240.76923076923077)	(138, 283.8461538461538)	(139, 249.23076923076923)	(140, 280.7692307692308)	(141, 271.53846153846155)	(142, 376.9230769230769)	(143, 279.2307692307692)	(144, 300.7692307692308)	(145, 383.07692307692304)	(146, 333.8461538461538)	(147, 463.07692307692304)	(148, 449.2307692307692)	(149, 397.6923076923077)	(150, 4151.538461538461)	(151, 168338.46153846153)
14340-YK-4_2 - Adapter 1	(1, 0.7995090884690722)	(2, 1.0838812876356232)	(3, 1.490307635664768)	(4, 2.0540739556221173)	(5, 5.008265482797945)	(6, 16.58381790995182)	(7, 63.296054380435194)	(8, 249.56861851598694)	(9, 1017.2266099635481)	(10, 3998.3353584447145)	(11, 15967.76699029126)	(12, 66930.98039215687)	(13, 229703.0769230769)	(14, 240226.92307692306)	(15, 239922.3076923077)	(16, 229497.6923076923)	(17, 226669.23076923075)	(18, 229244.61538461538)	(19, 285723.07692307694)	(20, 214250.76923076922)	(21, 175830.0)	(22, 198274.61538461538)	(23, 209366.92307692306)	(24, 242443.84615384616)	(25, 174665.3846153846)	(26, 197136.92307692306)	(27, 266293.8461538461)	(28, 152277.6923076923)	(29, 173325.3846153846)	(30, 177084.61538461538)	(31, 164336.92307692306)	(32, 158393.84615384616)	(33, 159164.61538461538)	(34, 163257.6923076923)	(35, 257773.84615384616)	(36, 81328.46153846153)	(37, 196572.3076923077)	(38, 185527.6923076923)	(39, 73746.92307692308)	(40, 147943.84615384616)	(41, 128322.30769230769)	(42, 94266.15384615384)	(43, 146634.61538461538)	(44, 88750.0)	(45, 172467.6923076923)	(46, 79448.46153846153)	(47, 91610.0)	(48, 110798.46153846153)	(49, 94369.23076923077)	(50, 75519.23076923077)	(51, 88420.76923076923)	(52, 97323.84615384616)	(53, 62782.30769230769)	(54, 84383.84615384616)	(55, 79473.84615384616)	(56, 62284.61538461538)	(57, 81040.0)	(58, 91190.76923076923)	(59, 46813.07692307692)	(60, 55907.692307692305)	(61, 45555.38461538462)	(62, 59401.53846153846)	(63, 35953.846153846156)	(64, 63749.230769230766)	(65, 27031.53846153846)	(66, 37964.61538461538)	(67, 49394.61538461538)	(68, 25298.46153846154)	(69, 25155.384615384613)	(70, 47579.230769230766)	(71, 13003.076923076922)	(72, 27786.153846153844)	(73, 28390.0)	(74, 29893.846153846152)	(75, 32314.615384615383)	(76, 9052.307692307691)	(77, 14763.846153846152)	(78, 18515.384615384613)	(79, 17932.30769230769)	(80, 16630.76923076923)	(81, 15080.76923076923)	(82, 13972.307692307691)	(83, 12726.923076923076)	(84, 11837.692307692307)	(85, 10984.615384615385)	(86, 10296.923076923076)	(87, 9600.0)	(88, 9075.384615384615)	(89, 8363.076923076922)	(90, 7496.923076923076)	(91, 6726.923076923077)	(92, 5873.846153846153)	(93, 5090.0)	(94, 4573.076923076923)	(95, 4263.846153846153)	(96, 3812.3076923076924)	(97, 3518.4615384615386)	(98, 3290.7692307692305)	(99, 2983.076923076923)	(100, 2680.0)	(101, 2299.230769230769)	(102, 2031.5384615384614)	(103, 1756.923076923077)	(104, 1468.4615384615383)	(105, 1366.923076923077)	(106, 1153.8461538461538)	(107, 1098.4615384615383)	(108, 1050.0)	(109, 986.9230769230769)	(110, 804.6153846153846)	(111, 851.5384615384615)	(112, 671.5384615384615)	(113, 606.9230769230769)	(114, 478.46153846153845)	(115, 473.8461538461538)	(116, 420.7692307692308)	(117, 372.3076923076923)	(118, 305.38461538461536)	(119, 346.15384615384613)	(120, 331.53846153846155)	(121, 285.38461538461536)	(122, 289.2307692307692)	(123, 275.38461538461536)	(124, 263.0769230769231)	(125, 225.3846153846154)	(126, 191.53846153846152)	(127, 191.53846153846152)	(128, 133.07692307692307)	(129, 195.3846153846154)	(130, 197.69230769230768)	(131, 216.9230769230769)	(132, 276.15384615384613)	(133, 211.53846153846152)	(134, 235.3846153846154)	(135, 255.3846153846154)	(136, 229.23076923076923)	(137, 223.84615384615384)	(138, 273.0769230769231)	(139, 318.46153846153845)	(140, 270.0)	(141, 260.7692307692308)	(142, 394.6153846153846)	(143, 323.8461538461538)	(144, 307.6923076923077)	(145, 351.53846153846155)	(146, 332.3076923076923)	(147, 413.8461538461538)	(148, 447.6923076923077)	(149, 306.15384615384613)	(150, 217.69230769230768)	(151, 5632.307692307692)
14340-YK-5_1 - Adapter 1	(1, 0.7488535967937038)	(2, 0.97251014943819)	(3, 1.1631336135987616)	(4, 1.76622477295179)	(5, 4.646804528294788)	(6, 15.802879030854822)	(7, 60.60872836719338)	(8, 240.55906696764484)	(9, 972.8558531447487)	(10, 3790.5776173285203)	(11, 15212.64423076923)	(12, 59360.192307692305)	(13, 234256.92307692306)	(14, 229254.61538461538)	(15, 228796.92307692306)	(16, 222063.84615384616)	(17, 220298.46153846153)	(18, 211723.0769230769)	(19, 210736.92307692306)	(20, 209359.23076923075)	(21, 209150.76923076922)	(22, 200184.61538461538)	(23, 199540.76923076922)	(24, 196162.3076923077)	(25, 191536.15384615384)	(26, 182497.6923076923)	(27, 183320.0)	(28, 178475.3846153846)	(29, 173678.46153846153)	(30, 168165.3846153846)	(31, 165893.84615384616)	(32, 167181.53846153847)	(33, 161822.3076923077)	(34, 154086.15384615384)	(35, 153804.61538461538)	(36, 144492.3076923077)	(37, 143393.0769230769)	(38, 138386.15384615384)	(39, 143407.6923076923)	(40, 129876.15384615384)	(41, 128221.53846153845)	(42, 129816.15384615384)	(43, 125926.92307692308)	(44, 180193.84615384616)	(45, 103293.07692307692)	(46, 125502.30769230769)	(47, 105870.0)	(48, 542163.0769230769)	(49, 255212.3076923077)	(50, 163673.84615384616)	(51, 49334.61538461538)	(52, 133522.3076923077)	(53, 31304.615384615383)	(54, 25342.30769230769)	(55, 11930.76923076923)	(56, 19073.076923076922)	(57, 5976.923076923077)	(58, 31673.846153846152)	(59, 76661.53846153845)	(60, 14074.615384615385)	(61, 46491.53846153846)	(62, 15230.0)	(63, 5416.153846153846)	(64, 30860.0)	(65, 46985.38461538462)	(66, 17718.46153846154)	(67, 3478.4615384615386)	(68, 6188.461538461538)	(69, 16199.23076923077)	(70, 18360.0)	(71, 12721.538461538461)	(72, 5746.153846153846)	(73, 6223.846153846153)	(74, 15944.615384615385)	(75, 21464.615384615383)	(76, 22790.0)	(77, 22380.76923076923)	(78, 21160.76923076923)	(79, 19482.30769230769)	(80, 18541.53846153846)	(81, 17230.76923076923)	(82, 15845.384615384615)	(83, 14056.153846153846)	(84, 13144.615384615385)	(85, 12319.23076923077)	(86, 11609.23076923077)	(87, 11123.076923076922)	(88, 10272.307692307691)	(89, 9249.23076923077)	(90, 8424.615384615385)	(91, 7409.230769230769)	(92, 6525.384615384615)	(93, 5888.461538461538)	(94, 5097.692307692308)	(95, 4474.615384615385)	(96, 4203.076923076923)	(97, 3922.3076923076924)	(98, 3606.153846153846)	(99, 3276.9230769230767)	(100, 2920.0)	(101, 2572.3076923076924)	(102, 2116.9230769230767)	(103, 1913.8461538461538)	(104, 1667.6923076923076)	(105, 1562.3076923076922)	(106, 1315.3846153846152)	(107, 1236.923076923077)	(108, 1157.6923076923076)	(109, 1063.076923076923)	(110, 1006.1538461538461)	(111, 910.0)	(112, 835.3846153846154)	(113, 686.9230769230769)	(114, 578.4615384615385)	(115, 485.38461538461536)	(116, 443.07692307692304)	(117, 439.2307692307692)	(118, 372.3076923076923)	(119, 380.7692307692308)	(120, 366.9230769230769)	(121, 332.3076923076923)	(122, 355.38461538461536)	(123, 267.6923076923077)	(124, 227.69230769230768)	(125, 208.46153846153845)	(126, 171.53846153846152)	(127, 173.07692307692307)	(128, 208.46153846153845)	(129, 196.15384615384616)	(130, 204.6153846153846)	(131, 194.6153846153846)	(132, 334.6153846153846)	(133, 214.6153846153846)	(134, 246.15384615384613)	(135, 321.53846153846155)	(136, 250.0)	(137, 265.38461538461536)	(138, 243.07692307692307)	(139, 288.46153846153845)	(140, 300.7692307692308)	(141, 310.7692307692308)	(142, 383.07692307692304)	(143, 256.15384615384613)	(144, 347.6923076923077)	(145, 362.3076923076923)	(146, 396.15384615384613)	(147, 489.2307692307692)	(148, 470.7692307692308)	(149, 433.8461538461538)	(150, 5024.615384615385)	(151, 198046.92307692306)
14340-YK-5_2 - Adapter 1	(1, 0.8017387109554809)	(2, 1.084948204697853)	(3, 1.4852086162955056)	(4, 2.0269815483925204)	(5, 4.858076356483882)	(6, 15.919648609628435)	(7, 60.85214446952596)	(8, 239.90820165538)	(9, 971.1856755943425)	(10, 3859.8676293622143)	(11, 15190.384615384615)	(12, 64814.80769230769)	(13, 212591.53846153847)	(14, 231460.76923076922)	(15, 231904.61538461538)	(16, 217491.53846153847)	(17, 222187.6923076923)	(18, 213831.53846153847)	(19, 245680.76923076922)	(20, 241927.6923076923)	(21, 162228.46153846153)	(22, 188951.53846153847)	(23, 198596.92307692306)	(24, 230736.15384615384)	(25, 171236.92307692306)	(26, 188440.76923076922)	(27, 264296.1538461538)	(28, 153716.92307692306)	(29, 165755.3846153846)	(30, 185796.15384615384)	(31, 140673.84615384616)	(32, 159885.38461538462)	(33, 170253.84615384616)	(34, 150155.38461538462)	(35, 170238.46153846153)	(36, 131366.92307692306)	(37, 246580.0)	(38, 73602.30769230769)	(39, 125126.15384615384)	(40, 148775.38461538462)	(41, 95679.23076923077)	(42, 110636.15384615384)	(43, 133516.92307692306)	(44, 91927.6923076923)	(45, 171848.46153846153)	(46, 78899.23076923077)	(47, 86262.30769230769)	(48, 115408.46153846153)	(49, 91813.84615384616)	(50, 75264.61538461538)	(51, 84865.38461538461)	(52, 100731.53846153845)	(53, 58536.92307692308)	(54, 85424.61538461538)	(55, 81604.61538461538)	(56, 62330.0)	(57, 84253.84615384616)	(58, 95460.0)	(59, 47593.84615384615)	(60, 58845.38461538461)	(61, 45432.30769230769)	(62, 60246.153846153844)	(63, 37853.07692307692)	(64, 63631.53846153846)	(65, 29310.0)	(66, 39923.846153846156)	(67, 52735.38461538462)	(68, 25656.923076923074)	(69, 26357.69230769231)	(70, 51391.53846153846)	(71, 13517.692307692307)	(72, 30010.0)	(73, 30960.76923076923)	(74, 32253.076923076922)	(75, 34310.0)	(76, 10526.923076923076)	(77, 16072.307692307691)	(78, 20363.076923076922)	(79, 19943.076923076922)	(80, 18810.0)	(81, 17170.0)	(82, 15778.461538461537)	(83, 14492.307692307691)	(84, 13326.153846153846)	(85, 12479.23076923077)	(86, 11651.538461538461)	(87, 11293.076923076922)	(88, 10363.846153846154)	(89, 9446.153846153846)	(90, 8630.76923076923)	(91, 7600.0)	(92, 6640.7692307692305)	(93, 6039.230769230769)	(94, 5246.923076923077)	(95, 4563.846153846153)	(96, 4256.923076923077)	(97, 4010.0)	(98, 3673.076923076923)	(99, 3333.846153846154)	(100, 2971.5384615384614)	(101, 2617.6923076923076)	(102, 2201.5384615384614)	(103, 1934.6153846153845)	(104, 1727.6923076923076)	(105, 1646.1538461538462)	(106, 1366.923076923077)	(107, 1268.4615384615383)	(108, 1204.6153846153845)	(109, 1113.8461538461538)	(110, 1039.2307692307693)	(111, 943.8461538461538)	(112, 864.6153846153846)	(113, 735.3846153846154)	(114, 653.0769230769231)	(115, 546.9230769230769)	(116, 473.07692307692304)	(117, 465.38461538461536)	(118, 397.6923076923077)	(119, 469.2307692307692)	(120, 380.0)	(121, 358.46153846153845)	(122, 361.53846153846155)	(123, 298.46153846153845)	(124, 283.8461538461538)	(125, 237.69230769230768)	(126, 203.84615384615384)	(127, 212.3076923076923)	(128, 206.15384615384616)	(129, 230.0)	(130, 210.76923076923077)	(131, 206.15384615384616)	(132, 321.53846153846155)	(133, 217.69230769230768)	(134, 220.0)	(135, 325.38461538461536)	(136, 236.9230769230769)	(137, 239.23076923076923)	(138, 228.46153846153845)	(139, 358.46153846153845)	(140, 260.0)	(141, 316.15384615384613)	(142, 396.9230769230769)	(143, 280.0)	(144, 348.46153846153845)	(145, 345.38461538461536)	(146, 386.15384615384613)	(147, 431.53846153846155)	(148, 430.0)	(149, 307.6923076923077)	(150, 230.0)	(151, 6498.461538461538)
14340-YK-6_1 - Adapter 1	(1, 0.7262747552487685)	(2, 0.9464099366751914)	(3, 1.1550194164293934)	(4, 1.8330360898752969)	(5, 5.027402041698941)	(6, 17.447615657175277)	(7, 67.48754004983981)	(8, 268.3303666785333)	(9, 1091.7764328942685)	(10, 4267.065527065527)	(11, 17121.53409090909)	(12, 67132.04545454546)	(13, 268978.1818181818)	(14, 262544.5454545454)	(15, 264150.0)	(16, 256568.1818181818)	(17, 255741.81818181815)	(18, 248455.45454545453)	(19, 248308.1818181818)	(20, 246919.99999999997)	(21, 248093.63636363635)	(22, 238146.36363636362)	(23, 238710.90909090906)	(24, 234518.1818181818)	(25, 230226.36363636362)	(26, 222502.72727272726)	(27, 224831.81818181818)	(28, 216233.63636363635)	(29, 212959.09090909088)	(30, 206701.81818181818)	(31, 204588.1818181818)	(32, 206935.45454545453)	(33, 193291.81818181818)	(34, 194938.1818181818)	(35, 189486.36363636362)	(36, 185194.54545454544)	(37, 180975.45454545453)	(38, 177479.09090909088)	(39, 178200.0)	(40, 162577.2727272727)	(41, 165945.45454545453)	(42, 167440.9090909091)	(43, 163950.9090909091)	(44, 239809.09090909088)	(45, 175036.36363636362)	(46, 227818.1818181818)	(47, 75369.0909090909)	(48, 773020.9090909091)	(49, 310197.2727272727)	(50, 150180.0)	(51, 43965.454545454544)	(52, 172369.09090909088)	(53, 42458.181818181816)	(54, 33453.63636363636)	(55, 13797.272727272726)	(56, 16528.181818181816)	(57, 7310.90909090909)	(58, 32126.363636363632)	(59, 83574.54545454544)	(60, 14684.545454545454)	(61, 43120.90909090909)	(62, 12122.727272727272)	(63, 4765.454545454545)	(64, 30791.81818181818)	(65, 56382.727272727265)	(66, 16827.272727272724)	(67, 5401.818181818181)	(68, 11165.454545454544)	(69, 24611.81818181818)	(70, 25324.545454545452)	(71, 16917.272727272724)	(72, 7293.636363636363)	(73, 6691.818181818181)	(74, 17877.272727272724)	(75, 25876.363636363636)	(76, 28415.454545454544)	(77, 27870.90909090909)	(78, 26606.363636363636)	(79, 24959.090909090908)	(80, 23137.272727272724)	(81, 20633.63636363636)	(82, 18950.0)	(83, 17826.363636363636)	(84, 16146.363636363634)	(85, 15076.363636363636)	(86, 14021.81818181818)	(87, 13226.363636363636)	(88, 12257.272727272726)	(89, 11224.545454545454)	(90, 10090.0)	(91, 9030.0)	(92, 7985.454545454545)	(93, 7313.636363636363)	(94, 6226.363636363636)	(95, 5669.999999999999)	(96, 5227.272727272727)	(97, 4697.272727272727)	(98, 4361.818181818181)	(99, 3975.454545454545)	(100, 3539.9999999999995)	(101, 3148.181818181818)	(102, 2680.9090909090905)	(103, 2302.7272727272725)	(104, 1944.5454545454543)	(105, 1691.8181818181818)	(106, 1601.8181818181818)	(107, 1394.5454545454545)	(108, 1305.4545454545453)	(109, 1224.5454545454545)	(110, 1097.2727272727273)	(111, 998.1818181818181)	(112, 894.5454545454545)	(113, 762.7272727272726)	(114, 690.9090909090909)	(115, 572.7272727272726)	(116, 453.6363636363636)	(117, 468.18181818181813)	(118, 390.9090909090909)	(119, 357.27272727272725)	(120, 387.27272727272725)	(121, 323.6363636363636)	(122, 339.09090909090907)	(123, 246.36363636363635)	(124, 229.99999999999997)	(125, 188.18181818181816)	(126, 152.72727272727272)	(127, 134.54545454545453)	(128, 167.27272727272725)	(129, 163.63636363636363)	(130, 160.9090909090909)	(131, 161.8181818181818)	(132, 219.99999999999997)	(133, 155.45454545454544)	(134, 190.9090909090909)	(135, 274.5454545454545)	(136, 200.9090909090909)	(137, 227.27272727272725)	(138, 199.99999999999997)	(139, 229.99999999999997)	(140, 215.45454545454544)	(141, 242.72727272727272)	(142, 330.9090909090909)	(143, 233.63636363636363)	(144, 276.3636363636363)	(145, 317.27272727272725)	(146, 313.6363636363636)	(147, 391.8181818181818)	(148, 375.45454545454544)	(149, 437.27272727272725)	(150, 5689.090909090909)	(151, 245679.09090909088)
14340-YK-6_2 - Adapter 1	(1, 0.7732362895704346)	(2, 1.0473592927552402)	(3, 1.4553578567877543)	(4, 2.074547268662891)	(5, 5.219014694614293)	(6, 17.576775672082636)	(7, 67.77345140619438)	(8, 268.27785688857244)	(9, 1090.3844784620862)	(10, 4334.82905982906)	(11, 17130.397727272724)	(12, 73227.5)	(13, 245138.1818181818)	(14, 266458.1818181818)	(15, 266571.8181818182)	(16, 251883.63636363635)	(17, 256720.90909090906)	(18, 251594.54545454544)	(19, 283670.0)	(20, 288475.45454545453)	(21, 196949.09090909088)	(22, 219819.99999999997)	(23, 237933.63636363635)	(24, 286627.2727272727)	(25, 195839.99999999997)	(26, 228652.72727272726)	(27, 304413.63636363635)	(28, 188684.54545454544)	(29, 200914.54545454544)	(30, 214799.99999999997)	(31, 185381.81818181818)	(32, 187717.2727272727)	(33, 191588.1818181818)	(34, 239186.36363636362)	(35, 160603.63636363635)	(36, 257304.54545454544)	(37, 119410.90909090909)	(38, 169961.81818181818)	(39, 241529.09090909088)	(40, 101437.27272727272)	(41, 148606.36363636362)	(42, 173509.09090909088)	(43, 165720.9090909091)	(44, 125526.36363636363)	(45, 207323.63636363635)	(46, 109441.81818181818)	(47, 115219.0909090909)	(48, 143720.9090909091)	(49, 119799.0909090909)	(50, 97593.63636363635)	(51, 112718.18181818181)	(52, 125906.36363636363)	(53, 80927.27272727272)	(54, 110848.18181818181)	(55, 98756.36363636363)	(56, 84283.63636363635)	(57, 108153.63636363635)	(58, 121040.90909090909)	(59, 61029.090909090904)	(60, 78666.36363636363)	(61, 59907.27272727272)	(62, 75381.81818181818)	(63, 49755.454545454544)	(64, 81742.72727272726)	(65, 38416.36363636363)	(66, 50160.90909090909)	(67, 67387.27272727272)	(68, 33796.36363636363)	(69, 34415.454545454544)	(70, 64234.54545454545)	(71, 18086.363636363636)	(72, 37964.54545454545)	(73, 38816.36363636363)	(74, 40246.36363636363)	(75, 43767.27272727272)	(76, 13030.90909090909)	(77, 20283.63636363636)	(78, 25229.090909090908)	(79, 24798.181818181816)	(80, 23121.81818181818)	(81, 21192.727272727272)	(82, 19278.181818181816)	(83, 17907.272727272724)	(84, 16338.181818181816)	(85, 15377.272727272726)	(86, 14159.999999999998)	(87, 13432.727272727272)	(88, 12562.727272727272)	(89, 11485.454545454544)	(90, 10390.90909090909)	(91, 9211.818181818182)	(92, 8154.545454545454)	(93, 7463.636363636363)	(94, 6367.272727272727)	(95, 5809.999999999999)	(96, 5330.90909090909)	(97, 4790.90909090909)	(98, 4458.181818181818)	(99, 4071.8181818181815)	(100, 3615.454545454545)	(101, 3186.363636363636)	(102, 2737.272727272727)	(103, 2355.454545454545)	(104, 2034.5454545454543)	(105, 1772.7272727272725)	(106, 1652.7272727272725)	(107, 1452.7272727272725)	(108, 1355.4545454545453)	(109, 1247.2727272727273)	(110, 1112.7272727272727)	(111, 1040.9090909090908)	(112, 949.090909090909)	(113, 789.090909090909)	(114, 728.1818181818181)	(115, 620.9090909090909)	(116, 489.99999999999994)	(117, 515.4545454545454)	(118, 413.6363636363636)	(119, 443.6363636363636)	(120, 409.09090909090907)	(121, 340.9090909090909)	(122, 344.5454545454545)	(123, 300.9090909090909)	(124, 278.1818181818182)	(125, 236.36363636363635)	(126, 168.18181818181816)	(127, 188.18181818181816)	(128, 156.36363636363635)	(129, 196.36363636363635)	(130, 195.45454545454544)	(131, 179.09090909090907)	(132, 205.45454545454544)	(133, 160.9090909090909)	(134, 177.27272727272725)	(135, 264.5454545454545)	(136, 193.63636363636363)	(137, 187.27272727272725)	(138, 199.09090909090907)	(139, 283.6363636363636)	(140, 196.36363636363635)	(141, 224.54545454545453)	(142, 338.18181818181813)	(143, 255.45454545454544)	(144, 271.8181818181818)	(145, 300.9090909090909)	(146, 290.0)	(147, 335.45454545454544)	(148, 325.45454545454544)	(149, 305.45454545454544)	(150, 287.27272727272725)	(151, 7788.181818181817)
14340-YK-7_1 - Adapter 1	(1, 0.7583139993218042)	(2, 0.9785346120652684)	(3, 1.1684049225732152)	(4, 1.7442796124926294)	(5, 4.545633963422657)	(6, 15.316238566534604)	(7, 58.74468831624498)	(8, 231.71994386402622)	(9, 940.6768558951965)	(10, 3638.3291770573564)	(11, 14773.25)	(12, 57143.4)	(13, 218696.92307692306)	(14, 211678.46153846153)	(15, 211940.0)	(16, 207734.61538461538)	(17, 201306.15384615384)	(18, 196973.84615384616)	(19, 195456.92307692306)	(20, 192854.61538461538)	(21, 192328.46153846153)	(22, 185732.3076923077)	(23, 184044.61538461538)	(24, 179574.61538461538)	(25, 177713.84615384616)	(26, 169720.76923076922)	(27, 168825.3846153846)	(28, 164516.92307692306)	(29, 159326.15384615384)	(30, 155491.53846153847)	(31, 153668.46153846153)	(32, 152856.15384615384)	(33, 147965.38461538462)	(34, 143167.6923076923)	(35, 136246.15384615384)	(36, 134932.3076923077)	(37, 132278.46153846153)	(38, 130968.46153846153)	(39, 122668.46153846153)	(40, 122277.6923076923)	(41, 116840.0)	(42, 117797.6923076923)	(43, 111838.46153846153)	(44, 164087.6923076923)	(45, 98385.38461538461)	(46, 140870.0)	(47, 62347.692307692305)	(48, 299924.6153846154)	(49, 346611.53846153844)	(50, 78670.76923076923)	(51, 58136.92307692308)	(52, 89332.30769230769)	(53, 17970.76923076923)	(54, 72948.46153846153)	(55, 10200.0)	(56, 39220.0)	(57, 13421.538461538461)	(58, 35957.692307692305)	(59, 106816.15384615384)	(60, 13468.461538461537)	(61, 59005.38461538461)	(62, 9110.76923076923)	(63, 4249.2307692307695)	(64, 28215.384615384613)	(65, 51017.692307692305)	(66, 8953.076923076922)	(67, 2798.4615384615386)	(68, 15454.615384615385)	(69, 23058.46153846154)	(70, 24164.615384615383)	(71, 15348.461538461537)	(72, 5359.230769230769)	(73, 6300.0)	(74, 16730.76923076923)	(75, 20939.23076923077)	(76, 21190.0)	(77, 20856.153846153844)	(78, 19706.153846153844)	(79, 18492.30769230769)	(80, 16938.46153846154)	(81, 15617.692307692307)	(82, 14531.538461538461)	(83, 13320.76923076923)	(84, 12625.384615384615)	(85, 11484.615384615385)	(86, 10850.0)	(87, 10126.923076923076)	(88, 9620.76923076923)	(89, 8650.0)	(90, 8270.0)	(91, 7273.846153846153)	(92, 6576.923076923077)	(93, 5701.538461538461)	(94, 4996.153846153846)	(95, 4523.076923076923)	(96, 4171.538461538461)	(97, 3986.153846153846)	(98, 3710.7692307692305)	(99, 3317.6923076923076)	(100, 2953.076923076923)	(101, 2637.6923076923076)	(102, 2317.6923076923076)	(103, 1976.923076923077)	(104, 1727.6923076923076)	(105, 1460.7692307692307)	(106, 1342.3076923076922)	(107, 1263.076923076923)	(108, 1185.3846153846152)	(109, 1179.2307692307693)	(110, 1021.5384615384615)	(111, 973.0769230769231)	(112, 841.5384615384615)	(113, 692.3076923076923)	(114, 605.3846153846154)	(115, 582.3076923076923)	(116, 486.15384615384613)	(117, 479.2307692307692)	(118, 388.46153846153845)	(119, 374.6153846153846)	(120, 366.15384615384613)	(121, 380.7692307692308)	(122, 344.6153846153846)	(123, 253.07692307692307)	(124, 236.9230769230769)	(125, 194.6153846153846)	(126, 193.07692307692307)	(127, 179.23076923076923)	(128, 179.23076923076923)	(129, 180.76923076923077)	(130, 186.15384615384616)	(131, 213.84615384615384)	(132, 274.6153846153846)	(133, 226.9230769230769)	(134, 253.07692307692307)	(135, 320.7692307692308)	(136, 256.9230769230769)	(137, 297.6923076923077)	(138, 277.6923076923077)	(139, 287.6923076923077)	(140, 296.9230769230769)	(141, 303.8461538461538)	(142, 446.15384615384613)	(143, 319.2307692307692)	(144, 326.15384615384613)	(145, 422.3076923076923)	(146, 423.07692307692304)	(147, 557.6923076923076)	(148, 482.30769230769226)	(149, 492.30769230769226)	(150, 5111.538461538461)	(151, 198676.92307692306)
14340-YK-7_2 - Adapter 1	(1, 0.8100793946689485)	(2, 1.0888952348922027)	(3, 1.4850775219621766)	(4, 2.003990443888913)	(5, 4.746124682640625)	(6, 15.426662573278948)	(7, 58.89594947565397)	(8, 230.75783564634338)	(9, 939.167186525265)	(10, 3672.9177057356605)	(11, 14864.4)	(12, 59779.4)	(13, 208723.84615384616)	(14, 213899.23076923075)	(15, 216073.84615384616)	(16, 202059.23076923075)	(17, 206852.3076923077)	(18, 198160.76923076922)	(19, 257614.61538461538)	(20, 188062.3076923077)	(21, 154883.0769230769)	(22, 178763.0769230769)	(23, 183866.15384615384)	(24, 222563.84615384616)	(25, 154529.23076923075)	(26, 174077.6923076923)	(27, 240950.0)	(28, 143533.0769230769)	(29, 153151.53846153847)	(30, 168813.84615384616)	(31, 132197.6923076923)	(32, 149650.76923076922)	(33, 139120.76923076922)	(34, 207293.84615384616)	(35, 139625.38461538462)	(36, 155086.15384615384)	(37, 112917.6923076923)	(38, 97404.61538461538)	(39, 138675.38461538462)	(40, 85876.15384615384)	(41, 154579.23076923075)	(42, 71480.76923076923)	(43, 135139.23076923075)	(44, 71700.0)	(45, 157247.6923076923)	(46, 68953.84615384616)	(47, 76381.53846153845)	(48, 103242.30769230769)	(49, 81943.07692307692)	(50, 69257.69230769231)	(51, 76537.69230769231)	(52, 87180.0)	(53, 55547.692307692305)	(54, 78088.46153846153)	(55, 70060.76923076923)	(56, 58343.84615384615)	(57, 75993.07692307692)	(58, 84170.0)	(59, 43250.76923076923)	(60, 52636.153846153844)	(61, 42557.692307692305)	(62, 54287.692307692305)	(63, 33321.53846153846)	(64, 57767.692307692305)	(65, 25962.30769230769)	(66, 35888.46153846154)	(67, 48536.92307692308)	(68, 23221.53846153846)	(69, 24286.153846153844)	(70, 45554.61538461538)	(71, 12332.307692307691)	(72, 26971.53846153846)	(73, 27364.615384615383)	(74, 28585.384615384613)	(75, 31826.923076923074)	(76, 10109.23076923077)	(77, 14386.153846153846)	(78, 18373.846153846152)	(79, 18033.846153846152)	(80, 16730.76923076923)	(81, 15513.846153846152)	(82, 14443.846153846152)	(83, 13205.384615384615)	(84, 12523.076923076922)	(85, 11573.846153846154)	(86, 10798.461538461537)	(87, 10149.23076923077)	(88, 9659.23076923077)	(89, 8754.615384615385)	(90, 8370.76923076923)	(91, 7404.615384615385)	(92, 6622.307692307692)	(93, 5775.384615384615)	(94, 5042.307692307692)	(95, 4611.538461538461)	(96, 4223.076923076923)	(97, 4019.230769230769)	(98, 3739.230769230769)	(99, 3381.5384615384614)	(100, 3022.3076923076924)	(101, 2656.9230769230767)	(102, 2368.4615384615386)	(103, 2030.7692307692307)	(104, 1756.1538461538462)	(105, 1556.1538461538462)	(106, 1379.2307692307693)	(107, 1303.8461538461538)	(108, 1210.0)	(109, 1210.0)	(110, 1040.0)	(111, 1000.7692307692307)	(112, 870.0)	(113, 730.0)	(114, 640.0)	(115, 644.6153846153846)	(116, 520.7692307692307)	(117, 495.38461538461536)	(118, 406.15384615384613)	(119, 437.6923076923077)	(120, 373.8461538461538)	(121, 394.6153846153846)	(122, 356.9230769230769)	(123, 282.3076923076923)	(124, 297.6923076923077)	(125, 252.3076923076923)	(126, 205.3846153846154)	(127, 239.23076923076923)	(128, 201.53846153846152)	(129, 216.9230769230769)	(130, 206.15384615384616)	(131, 221.53846153846152)	(132, 281.53846153846155)	(133, 227.69230769230768)	(134, 231.53846153846152)	(135, 335.38461538461536)	(136, 250.76923076923077)	(137, 280.7692307692308)	(138, 271.53846153846155)	(139, 405.38461538461536)	(140, 269.2307692307692)	(141, 290.7692307692308)	(142, 480.7692307692308)	(143, 334.6153846153846)	(144, 339.2307692307692)	(145, 404.6153846153846)	(146, 399.2307692307692)	(147, 511.53846153846155)	(148, 470.7692307692308)	(149, 397.6923076923077)	(150, 262.3076923076923)	(151, 8142.307692307692)
14340-YK-8_1 - Adapter 1	(1, 0.7633423549400908)	(2, 0.9829335390778754)	(3, 1.1922387649963073)	(4, 1.7946766700973982)	(5, 4.766385717559385)	(6, 16.1632977455162)	(7, 61.919082739911836)	(8, 243.81739572736524)	(9, 995.7544930484911)	(10, 3832.279511533243)	(11, 15541.956521739132)	(12, 59891.739130434784)	(13, 227562.5)	(14, 220896.6666666667)	(15, 220513.33333333334)	(16, 215289.1666666667)	(17, 207710.83333333334)	(18, 203784.1666666667)	(19, 199870.0)	(20, 198510.0)	(21, 196083.33333333334)	(22, 188585.83333333334)	(23, 187214.1666666667)	(24, 181023.33333333334)	(25, 179221.6666666667)	(26, 169203.33333333334)	(27, 168041.6666666667)	(28, 162445.0)	(29, 158024.1666666667)	(30, 152630.0)	(31, 149150.0)	(32, 150526.6666666667)	(33, 141864.1666666667)	(34, 141344.1666666667)	(35, 182877.5)	(36, 84471.66666666667)	(37, 121405.0)	(38, 122449.16666666667)	(39, 118280.83333333334)	(40, 118924.16666666667)	(41, 109409.16666666667)	(42, 114890.83333333334)	(43, 103662.5)	(44, 144913.33333333334)	(45, 86795.0)	(46, 141426.6666666667)	(47, 33656.66666666667)	(48, 131474.1666666667)	(49, 148014.1666666667)	(50, 56512.5)	(51, 82685.0)	(52, 76850.83333333334)	(53, 44291.66666666667)	(54, 85925.0)	(55, 32031.666666666668)	(56, 60663.333333333336)	(57, 43306.66666666667)	(58, 44305.0)	(59, 85332.5)	(60, 37085.0)	(61, 76024.16666666667)	(62, 10293.333333333334)	(63, 19294.166666666668)	(64, 31713.333333333336)	(65, 78957.5)	(66, 9645.0)	(67, 7444.166666666667)	(68, 27865.833333333336)	(69, 28431.666666666668)	(70, 34488.333333333336)	(71, 23036.666666666668)	(72, 6106.666666666667)	(73, 7387.5)	(74, 15315.833333333334)	(75, 17915.833333333336)	(76, 17570.833333333336)	(77, 16673.333333333336)	(78, 15739.166666666668)	(79, 14781.666666666668)	(80, 13709.166666666668)	(81, 12650.833333333334)	(82, 11445.833333333334)	(83, 10659.166666666668)	(84, 9622.5)	(85, 9147.5)	(86, 8790.833333333334)	(87, 8180.833333333334)	(88, 7642.5)	(89, 6974.166666666667)	(90, 6281.666666666667)	(91, 5560.0)	(92, 4943.333333333334)	(93, 4351.666666666667)	(94, 4000.0)	(95, 3609.166666666667)	(96, 3252.5)	(97, 3022.5)	(98, 2917.5)	(99, 2640.8333333333335)	(100, 2273.3333333333335)	(101, 2054.166666666667)	(102, 1760.8333333333335)	(103, 1654.1666666666667)	(104, 1350.8333333333335)	(105, 1272.5)	(106, 1148.3333333333335)	(107, 1053.3333333333335)	(108, 1006.6666666666667)	(109, 968.3333333333334)	(110, 866.6666666666667)	(111, 797.5)	(112, 663.3333333333334)	(113, 654.1666666666667)	(114, 533.3333333333334)	(115, 465.0)	(116, 400.83333333333337)	(117, 404.1666666666667)	(118, 349.1666666666667)	(119, 329.1666666666667)	(120, 333.33333333333337)	(121, 334.1666666666667)	(122, 290.83333333333337)	(123, 230.0)	(124, 233.33333333333334)	(125, 189.16666666666669)	(126, 147.5)	(127, 176.66666666666669)	(128, 195.0)	(129, 183.33333333333334)	(130, 177.5)	(131, 205.0)	(132, 260.0)	(133, 227.5)	(134, 249.16666666666669)	(135, 311.6666666666667)	(136, 264.1666666666667)	(137, 262.5)	(138, 274.1666666666667)	(139, 291.6666666666667)	(140, 297.5)	(141, 314.1666666666667)	(142, 451.6666666666667)	(143, 284.1666666666667)	(144, 350.0)	(145, 475.0)	(146, 416.6666666666667)	(147, 557.5)	(148, 533.3333333333334)	(149, 388.33333333333337)	(150, 4285.833333333334)	(151, 174530.83333333334)
14340-YK-8_2 - Adapter 1	(1, 0.8136161997914282)	(2, 1.0928200167616564)	(3, 1.5056970092946826)	(4, 2.0582767395067956)	(5, 4.9471813029097635)	(6, 16.262060561104192)	(7, 62.06870973211259)	(8, 243.12733129874536)	(9, 994.0047473719906)	(10, 3901.451831750339)	(11, 15506.141304347828)	(12, 64981.304347826095)	(13, 207952.5)	(14, 222864.1666666667)	(15, 223466.6666666667)	(16, 208959.1666666667)	(17, 212750.83333333334)	(18, 203452.5)	(19, 254923.33333333334)	(20, 195200.83333333334)	(21, 159524.1666666667)	(22, 176624.1666666667)	(23, 186410.0)	(24, 212782.5)	(25, 157385.0)	(26, 173070.0)	(27, 238308.33333333334)	(28, 127658.33333333334)	(29, 164264.1666666667)	(30, 157784.1666666667)	(31, 137850.83333333334)	(32, 140800.0)	(33, 171315.83333333334)	(34, 103135.83333333334)	(35, 134312.5)	(36, 198299.1666666667)	(37, 82201.66666666667)	(38, 153965.83333333334)	(39, 121522.5)	(40, 88536.66666666667)	(41, 100060.83333333334)	(42, 92220.0)	(43, 112280.0)	(44, 82113.33333333334)	(45, 138921.6666666667)	(46, 71173.33333333334)	(47, 74996.66666666667)	(48, 92772.5)	(49, 78862.5)	(50, 64308.333333333336)	(51, 71470.83333333334)	(52, 81423.33333333334)	(53, 53209.16666666667)	(54, 70796.66666666667)	(55, 64345.0)	(56, 52810.833333333336)	(57, 64545.833333333336)	(58, 72370.83333333334)	(59, 43325.0)	(60, 44407.5)	(61, 38621.66666666667)	(62, 47851.66666666667)	(63, 29989.166666666668)	(64, 50137.5)	(65, 23462.5)	(66, 31195.0)	(67, 40497.5)	(68, 20479.166666666668)	(69, 20955.833333333336)	(70, 38418.333333333336)	(71, 11036.666666666668)	(72, 22577.5)	(73, 22668.333333333336)	(74, 23954.166666666668)	(75, 26545.0)	(76, 8175.833333333334)	(77, 12162.5)	(78, 14980.833333333334)	(79, 14539.166666666668)	(80, 13637.5)	(81, 12539.166666666668)	(82, 11454.166666666668)	(83, 10572.5)	(84, 9601.666666666668)	(85, 9106.666666666668)	(86, 8788.333333333334)	(87, 8122.5)	(88, 7660.0)	(89, 6991.666666666667)	(90, 6340.0)	(91, 5595.833333333334)	(92, 4987.5)	(93, 4366.666666666667)	(94, 4042.5)	(95, 3679.166666666667)	(96, 3294.166666666667)	(97, 3074.166666666667)	(98, 2932.5)	(99, 2682.5)	(100, 2340.8333333333335)	(101, 2080.8333333333335)	(102, 1824.1666666666667)	(103, 1663.3333333333335)	(104, 1407.5)	(105, 1336.6666666666667)	(106, 1188.3333333333335)	(107, 1095.0)	(108, 1023.3333333333334)	(109, 992.5)	(110, 852.5)	(111, 835.8333333333334)	(112, 680.0)	(113, 690.0)	(114, 571.6666666666667)	(115, 500.83333333333337)	(116, 425.83333333333337)	(117, 411.6666666666667)	(118, 367.5)	(119, 379.1666666666667)	(120, 367.5)	(121, 380.83333333333337)	(122, 325.83333333333337)	(123, 280.0)	(124, 268.33333333333337)	(125, 243.33333333333334)	(126, 179.16666666666669)	(127, 212.5)	(128, 199.16666666666669)	(129, 196.66666666666669)	(130, 205.0)	(131, 247.5)	(132, 262.5)	(133, 228.33333333333334)	(134, 254.16666666666669)	(135, 310.0)	(136, 263.33333333333337)	(137, 260.0)	(138, 279.1666666666667)	(139, 355.0)	(140, 292.5)	(141, 328.33333333333337)	(142, 459.1666666666667)	(143, 314.1666666666667)	(144, 356.6666666666667)	(145, 473.33333333333337)	(146, 400.83333333333337)	(147, 540.8333333333334)	(148, 554.1666666666667)	(149, 361.6666666666667)	(150, 287.5)	(151, 7972.5)
14340-YK-9_1 - Adapter 1	(1, 0.7638226088806326)	(2, 0.9826259020255882)	(3, 1.173698955530932)	(4, 1.746736899257167)	(5, 4.575447960057829)	(6, 15.377755695787576)	(7, 58.980699885264706)	(8, 234.40419603343713)	(9, 945.7194362504097)	(10, 3668.073394495413)	(11, 14797.382198952879)	(12, 57092.91666666667)	(13, 227617.5)	(14, 219632.5)	(15, 220330.0)	(16, 215985.83333333334)	(17, 208616.6666666667)	(18, 204143.33333333334)	(19, 201508.33333333334)	(20, 200751.6666666667)	(21, 200109.1666666667)	(22, 192197.5)	(23, 191155.0)	(24, 187107.5)	(25, 183655.83333333334)	(26, 176012.5)	(27, 173354.1666666667)	(28, 171327.5)	(29, 164356.6666666667)	(30, 159569.1666666667)	(31, 159737.5)	(32, 157300.83333333334)	(33, 151225.83333333334)	(34, 145031.6666666667)	(35, 140646.6666666667)	(36, 139781.6666666667)	(37, 131586.6666666667)	(38, 129274.16666666667)	(39, 125392.5)	(40, 121317.5)	(41, 120251.66666666667)	(42, 125660.0)	(43, 108762.5)	(44, 158659.1666666667)	(45, 97777.5)	(46, 159310.0)	(47, 37174.16666666667)	(48, 181844.1666666667)	(49, 442005.0)	(50, 119409.16666666667)	(51, 46813.333333333336)	(52, 82657.5)	(53, 18195.0)	(54, 96414.16666666667)	(55, 7071.666666666667)	(56, 30598.333333333336)	(57, 17505.0)	(58, 27917.5)	(59, 95790.0)	(60, 13556.666666666668)	(61, 44299.16666666667)	(62, 10017.5)	(63, 4563.333333333334)	(64, 21915.833333333336)	(65, 44610.0)	(66, 11045.833333333334)	(67, 2190.8333333333335)	(68, 15560.0)	(69, 23278.333333333336)	(70, 24335.833333333336)	(71, 17031.666666666668)	(72, 7249.166666666667)	(73, 3617.5)	(74, 11390.0)	(75, 17150.833333333336)	(76, 18380.833333333336)	(77, 17889.166666666668)	(78, 17337.5)	(79, 16092.5)	(80, 15149.166666666668)	(81, 14032.5)	(82, 12580.833333333334)	(83, 11686.666666666668)	(84, 10660.833333333334)	(85, 10007.5)	(86, 9428.333333333334)	(87, 8802.5)	(88, 8150.833333333334)	(89, 7515.0)	(90, 6667.5)	(91, 5953.333333333334)	(92, 5409.166666666667)	(93, 4596.666666666667)	(94, 4172.5)	(95, 3719.166666666667)	(96, 3450.8333333333335)	(97, 3141.666666666667)	(98, 2881.666666666667)	(99, 2571.666666666667)	(100, 2303.3333333333335)	(101, 2037.5)	(102, 1761.6666666666667)	(103, 1503.3333333333335)	(104, 1230.8333333333335)	(105, 1132.5)	(106, 1016.6666666666667)	(107, 921.6666666666667)	(108, 917.5)	(109, 831.6666666666667)	(110, 715.0)	(111, 686.6666666666667)	(112, 540.8333333333334)	(113, 534.1666666666667)	(114, 410.0)	(115, 359.1666666666667)	(116, 278.33333333333337)	(117, 320.0)	(118, 239.16666666666669)	(119, 255.83333333333334)	(120, 235.83333333333334)	(121, 244.16666666666669)	(122, 229.16666666666669)	(123, 181.66666666666669)	(124, 155.0)	(125, 136.66666666666669)	(126, 137.5)	(127, 137.5)	(128, 154.16666666666669)	(129, 147.5)	(130, 153.33333333333334)	(131, 171.66666666666669)	(132, 235.83333333333334)	(133, 175.0)	(134, 202.5)	(135, 256.6666666666667)	(136, 224.16666666666669)	(137, 197.5)	(138, 270.0)	(139, 217.5)	(140, 268.33333333333337)	(141, 300.0)	(142, 335.83333333333337)	(143, 256.6666666666667)	(144, 282.5)	(145, 323.33333333333337)	(146, 342.5)	(147, 420.0)	(148, 404.1666666666667)	(149, 339.1666666666667)	(150, 2349.166666666667)	(151, 81274.16666666667)
14340-YK-9_2 - Adapter 1	(1, 0.8190589521799136)	(2, 1.0909301977624488)	(3, 1.491462292709845)	(4, 2.0043947657213397)	(5, 4.7467183316281)	(6, 15.499764382888051)	(7, 59.15751516144894)	(8, 233.9559088673988)	(9, 944.1953457882661)	(10, 3735.111402359109)	(11, 14775.706806282722)	(12, 62277.083333333336)	(13, 206524.1666666667)	(14, 222469.1666666667)	(15, 222304.1666666667)	(16, 209555.83333333334)	(17, 212638.33333333334)	(18, 205395.83333333334)	(19, 235202.5)	(20, 229340.0)	(21, 158001.6666666667)	(22, 175750.83333333334)	(23, 190150.0)	(24, 221176.6666666667)	(25, 162470.83333333334)	(26, 181890.0)	(27, 247642.5)	(28, 147454.1666666667)	(29, 152286.6666666667)	(30, 162582.5)	(31, 150525.0)	(32, 144879.1666666667)	(33, 191515.83333333334)	(34, 94010.0)	(35, 137054.1666666667)	(36, 139454.1666666667)	(37, 195048.33333333334)	(38, 150996.6666666667)	(39, 85709.16666666667)	(40, 109752.5)	(41, 99148.33333333334)	(42, 119510.83333333334)	(43, 125017.5)	(44, 84040.0)	(45, 155697.5)	(46, 70702.5)	(47, 81406.66666666667)	(48, 100911.66666666667)	(49, 83590.83333333334)	(50, 69638.33333333334)	(51, 75524.16666666667)	(52, 89922.5)	(53, 53966.66666666667)	(54, 75389.16666666667)	(55, 73398.33333333334)	(56, 55318.333333333336)	(57, 70885.83333333334)	(58, 83110.0)	(59, 44156.66666666667)	(60, 49212.5)	(61, 42290.833333333336)	(62, 53890.833333333336)	(63, 31490.833333333336)	(64, 54488.333333333336)	(65, 26224.166666666668)	(66, 33652.5)	(67, 45758.333333333336)	(68, 22708.333333333336)	(69, 22573.333333333336)	(70, 42438.333333333336)	(71, 12258.333333333334)	(72, 25391.666666666668)	(73, 25329.166666666668)	(74, 26449.166666666668)	(75, 30027.5)	(76, 9790.833333333334)	(77, 12776.666666666668)	(78, 16424.166666666668)	(79, 16168.333333333334)	(80, 15174.166666666668)	(81, 13931.666666666668)	(82, 12530.833333333334)	(83, 11720.833333333334)	(84, 10749.166666666668)	(85, 10093.333333333334)	(86, 9425.0)	(87, 8879.166666666668)	(88, 8267.5)	(89, 7621.666666666667)	(90, 6773.333333333334)	(91, 6020.0)	(92, 5500.833333333334)	(93, 4637.5)	(94, 4229.166666666667)	(95, 3810.0)	(96, 3503.3333333333335)	(97, 3188.3333333333335)	(98, 2910.0)	(99, 2627.5)	(100, 2352.5)	(101, 2064.166666666667)	(102, 1821.6666666666667)	(103, 1533.3333333333335)	(104, 1271.6666666666667)	(105, 1203.3333333333335)	(106, 1056.6666666666667)	(107, 947.5)	(108, 939.1666666666667)	(109, 854.1666666666667)	(110, 735.0)	(111, 689.1666666666667)	(112, 545.8333333333334)	(113, 570.8333333333334)	(114, 443.33333333333337)	(115, 420.83333333333337)	(116, 304.1666666666667)	(117, 328.33333333333337)	(118, 250.83333333333334)	(119, 320.83333333333337)	(120, 254.16666666666669)	(121, 256.6666666666667)	(122, 248.33333333333334)	(123, 226.66666666666669)	(124, 220.0)	(125, 202.5)	(126, 146.66666666666669)	(127, 194.16666666666669)	(128, 170.83333333333334)	(129, 168.33333333333334)	(130, 186.66666666666669)	(131, 200.83333333333334)	(132, 224.16666666666669)	(133, 168.33333333333334)	(134, 210.0)	(135, 265.83333333333337)	(136, 232.5)	(137, 199.16666666666669)	(138, 277.5)	(139, 280.0)	(140, 255.83333333333334)	(141, 315.83333333333337)	(142, 353.33333333333337)	(143, 276.6666666666667)	(144, 312.5)	(145, 336.6666666666667)	(146, 358.33333333333337)	(147, 418.33333333333337)	(148, 435.83333333333337)	(149, 294.1666666666667)	(150, 181.66666666666669)	(151, 3910.0)
