Sample	0	1	2	3	4	5	6	7	8	9	10	11	12	13	14	15	16	17	18	19	20	21	22	23	24	25	26	27	28	29	30	31	32	33	34	35	36	37	38	39	40	41	42	43	44	45	46	47	48	49	50	51	52	53	54	55	56	57	58	59	60	61	62	63	64	65	66	67	68	69	70	71	72	73	74	75	76	77	78	79	80	81	82	83	84	85	86	87	88	89	90	91	92	93	94	95	96	97	98	99	100	101	102	103	104	105	106	107	108	109	110	111	112	113	114	115	116	117	118	119	120	121	122	123	124	125	126	127	128	129	130	131	132	133	134	135	136	137	138	139	140	141	142	143	144	145	146	147	148	149	150
14340-YK-1_1 - Adapter 1	(1, 13825289)	(2, 4553556)	(3, 1452476)	(4, 612955)	(5, 446245)	(6, 397757)	(7, 381324)	(8, 382639)	(9, 392164)	(10, 382230)	(11, 387105)	(12, 379538)	(13, 380091)	(14, 369595)	(15, 372673)	(16, 366832)	(17, 360088)	(18, 352202)	(19, 351740)	(20, 352304)	(21, 352882)	(22, 340567)	(23, 339798)	(24, 337998)	(25, 328829)	(26, 318107)	(27, 320615)	(28, 312851)	(29, 305915)	(30, 296870)	(31, 293905)	(32, 296837)	(33, 281993)	(34, 280964)	(35, 267073)	(36, 263075)	(37, 256878)	(38, 255541)	(39, 241786)	(40, 240681)	(41, 233744)	(42, 238974)	(43, 224654)	(44, 355805)	(45, 187108)	(46, 287168)	(47, 84703)	(48, 478717)	(49, 556678)	(50, 141440)	(51, 124930)	(52, 221470)	(53, 48221)	(54, 170928)	(55, 37904)	(56, 99484)	(57, 41661)	(58, 77003)	(59, 233885)	(60, 40279)	(61, 132819)	(62, 13662)	(63, 12232)	(64, 55575)	(65, 120491)	(66, 12056)	(67, 5445)	(68, 39652)	(69, 47073)	(70, 50182)	(71, 31992)	(72, 10971)	(73, 12422)	(74, 31132)	(75, 37817)	(76, 38332)	(77, 37706)	(78, 35562)	(79, 33195)	(80, 30501)	(81, 28063)	(82, 25109)	(83, 23216)	(84, 21449)	(85, 19648)	(86, 18803)	(87, 17604)	(88, 16186)	(89, 14864)	(90, 13628)	(91, 12016)	(92, 10717)	(93, 9304)	(94, 8466)	(95, 7505)	(96, 6815)	(97, 6242)	(98, 5829)	(99, 5207)	(100, 4662)	(101, 4156)	(102, 3600)	(103, 3027)	(104, 2596)	(105, 2170)	(106, 2025)	(107, 1808)	(108, 1641)	(109, 1572)	(110, 1518)	(111, 1269)	(112, 1131)	(113, 945)	(114, 794)	(115, 715)	(116, 596)	(117, 603)	(118, 498)	(119, 426)	(120, 442)	(121, 415)	(122, 420)	(123, 296)	(124, 252)	(125, 229)	(126, 210)	(127, 182)	(128, 195)	(129, 217)	(130, 213)	(131, 222)	(132, 342)	(133, 233)	(134, 251)	(135, 353)	(136, 287)	(137, 297)	(138, 280)	(139, 294)	(140, 322)	(141, 355)	(142, 467)	(143, 324)	(144, 348)	(145, 426)	(146, 448)	(147, 486)	(148, 590)	(149, 489)	(150, 5517)	(151, 228624)
14340-YK-1_2 - Adapter 1	(1, 14760876)	(2, 5063526)	(3, 1809316)	(4, 688263)	(5, 458025)	(6, 399341)	(7, 382518)	(8, 382132)	(9, 391534)	(10, 389569)	(11, 386412)	(12, 418721)	(13, 341401)	(14, 375367)	(15, 378364)	(16, 357206)	(17, 368054)	(18, 353782)	(19, 463896)	(20, 340198)	(21, 284167)	(22, 318792)	(23, 338829)	(24, 410067)	(25, 282808)	(26, 327796)	(27, 446901)	(28, 266855)	(29, 288641)	(30, 310956)	(31, 261809)	(32, 278280)	(33, 266258)	(34, 369811)	(35, 174652)	(36, 254592)	(37, 256121)	(38, 431214)	(39, 112744)	(40, 280071)	(41, 259017)	(42, 149972)	(43, 274217)	(44, 146608)	(45, 323545)	(46, 135433)	(47, 156359)	(48, 203495)	(49, 166370)	(50, 139268)	(51, 154288)	(52, 179398)	(53, 110963)	(54, 150922)	(55, 150400)	(56, 110073)	(57, 136952)	(58, 154436)	(59, 110764)	(60, 84375)	(61, 89359)	(62, 123668)	(63, 62888)	(64, 115792)	(65, 51425)	(66, 67967)	(67, 94322)	(68, 45388)	(69, 45284)	(70, 86091)	(71, 23879)	(72, 50707)	(73, 51302)	(74, 53176)	(75, 59774)	(76, 20330)	(77, 26424)	(78, 33685)	(79, 32614)	(80, 30401)	(81, 28122)	(82, 25601)	(83, 23201)	(84, 21599)	(85, 19918)	(86, 18797)	(87, 17665)	(88, 16332)	(89, 15020)	(90, 13796)	(91, 12197)	(92, 10826)	(93, 9407)	(94, 8615)	(95, 7583)	(96, 6860)	(97, 6376)	(98, 5879)	(99, 5303)	(100, 4707)	(101, 4194)	(102, 3685)	(103, 3074)	(104, 2658)	(105, 2253)	(106, 2046)	(107, 1859)	(108, 1716)	(109, 1624)	(110, 1523)	(111, 1282)	(112, 1165)	(113, 986)	(114, 832)	(115, 735)	(116, 638)	(117, 621)	(118, 532)	(119, 526)	(120, 471)	(121, 411)	(122, 415)	(123, 343)	(124, 338)	(125, 262)	(126, 241)	(127, 238)	(128, 186)	(129, 239)	(130, 272)	(131, 242)	(132, 322)	(133, 235)	(134, 227)	(135, 354)	(136, 271)	(137, 297)	(138, 276)	(139, 405)	(140, 317)	(141, 354)	(142, 455)	(143, 353)	(144, 346)	(145, 407)	(146, 434)	(147, 446)	(148, 598)	(149, 402)	(150, 273)	(151, 9074)
14340-YK-2_1 - Adapter 1	(1, 15956915)	(2, 5175394)	(3, 1577680)	(4, 612242)	(5, 417134)	(6, 355579)	(7, 343488)	(8, 340825)	(9, 341907)	(10, 335213)	(11, 334202)	(12, 325515)	(13, 324650)	(14, 312980)	(15, 315384)	(16, 304638)	(17, 300107)	(18, 290782)	(19, 289200)	(20, 285830)	(21, 286139)	(22, 273133)	(23, 272912)	(24, 266900)	(25, 260217)	(26, 250430)	(27, 248340)	(28, 242828)	(29, 234780)	(30, 226958)	(31, 223411)	(32, 223660)	(33, 210764)	(34, 209006)	(35, 200625)	(36, 198037)	(37, 198466)	(38, 171562)	(39, 177288)	(40, 173717)	(41, 167202)	(42, 166605)	(43, 158340)	(44, 224604)	(45, 124269)	(46, 202100)	(47, 51951)	(48, 176471)	(49, 212915)	(50, 90057)	(51, 122195)	(52, 118786)	(53, 68739)	(54, 122234)	(55, 57094)	(56, 93789)	(57, 64082)	(58, 69142)	(59, 130202)	(60, 53767)	(61, 115306)	(62, 19860)	(63, 28394)	(64, 48956)	(65, 119623)	(66, 17584)	(67, 11974)	(68, 42885)	(69, 43913)	(70, 52728)	(71, 34196)	(72, 8468)	(73, 12967)	(74, 25009)	(75, 27132)	(76, 26431)	(77, 25360)	(78, 23849)	(79, 21915)	(80, 20466)	(81, 18714)	(82, 17015)	(83, 15695)	(84, 14283)	(85, 13237)	(86, 12599)	(87, 11598)	(88, 10724)	(89, 9840)	(90, 9139)	(91, 7945)	(92, 7037)	(93, 6132)	(94, 5448)	(95, 4943)	(96, 4587)	(97, 4049)	(98, 3835)	(99, 3414)	(100, 3084)	(101, 2651)	(102, 2322)	(103, 1982)	(104, 1695)	(105, 1520)	(106, 1386)	(107, 1252)	(108, 1232)	(109, 1145)	(110, 1078)	(111, 886)	(112, 827)	(113, 740)	(114, 590)	(115, 537)	(116, 503)	(117, 487)	(118, 430)	(119, 373)	(120, 354)	(121, 355)	(122, 353)	(123, 283)	(124, 234)	(125, 197)	(126, 201)	(127, 185)	(128, 216)	(129, 187)	(130, 212)	(131, 242)	(132, 274)	(133, 233)	(134, 282)	(135, 347)	(136, 299)	(137, 307)	(138, 321)	(139, 307)	(140, 342)	(141, 340)	(142, 389)	(143, 300)	(144, 367)	(145, 377)	(146, 411)	(147, 501)	(148, 491)	(149, 423)	(150, 4115)	(151, 163141)
14340-YK-2_2 - Adapter 1	(1, 17109354)	(2, 5788572)	(3, 2010935)	(4, 702729)	(5, 431936)	(6, 358046)	(7, 343688)	(8, 337405)	(9, 344642)	(10, 338703)	(11, 335027)	(12, 350091)	(13, 299696)	(14, 315818)	(15, 319081)	(16, 300177)	(17, 303625)	(18, 293559)	(19, 372423)	(20, 282371)	(21, 228845)	(22, 254726)	(23, 271436)	(24, 311846)	(25, 227515)	(26, 256980)	(27, 350293)	(28, 189079)	(29, 231238)	(30, 226709)	(31, 210555)	(32, 201800)	(33, 202990)	(34, 208532)	(35, 351103)	(36, 99462)	(37, 230040)	(38, 193238)	(39, 120961)	(40, 183148)	(41, 130743)	(42, 165283)	(43, 176551)	(44, 118445)	(45, 217080)	(46, 101016)	(47, 113449)	(48, 140095)	(49, 115195)	(50, 97271)	(51, 106582)	(52, 122687)	(53, 76467)	(54, 103740)	(55, 97333)	(56, 78661)	(57, 96284)	(58, 108395)	(59, 66226)	(60, 66594)	(61, 58940)	(62, 75546)	(63, 44159)	(64, 75186)	(65, 35528)	(66, 46002)	(67, 62308)	(68, 31125)	(69, 30651)	(70, 57285)	(71, 16426)	(72, 34342)	(73, 33904)	(74, 35847)	(75, 39940)	(76, 12712)	(77, 17677)	(78, 22548)	(79, 21467)	(80, 20271)	(81, 18522)	(82, 16954)	(83, 15559)	(84, 14256)	(85, 13262)	(86, 12569)	(87, 11589)	(88, 10745)	(89, 9863)	(90, 9211)	(91, 7940)	(92, 7111)	(93, 6165)	(94, 5511)	(95, 5011)	(96, 4591)	(97, 4133)	(98, 3836)	(99, 3528)	(100, 3131)	(101, 2695)	(102, 2408)	(103, 2000)	(104, 1719)	(105, 1605)	(106, 1440)	(107, 1299)	(108, 1256)	(109, 1175)	(110, 1093)	(111, 940)	(112, 861)	(113, 757)	(114, 635)	(115, 564)	(116, 529)	(117, 499)	(118, 438)	(119, 453)	(120, 395)	(121, 382)	(122, 357)	(123, 335)	(124, 338)	(125, 254)	(126, 221)	(127, 236)	(128, 222)	(129, 232)	(130, 261)	(131, 282)	(132, 280)	(133, 250)	(134, 276)	(135, 356)	(136, 287)	(137, 290)	(138, 313)	(139, 384)	(140, 326)	(141, 380)	(142, 432)	(143, 329)	(144, 377)	(145, 366)	(146, 409)	(147, 480)	(148, 495)	(149, 376)	(150, 202)	(151, 7091)
14340-YK-3_1 - Adapter 1	(1, 16101691)	(2, 5278943)	(3, 1665835)	(4, 684921)	(5, 488087)	(6, 428422)	(7, 410346)	(8, 407055)	(9, 412044)	(10, 398914)	(11, 400926)	(12, 388513)	(13, 385587)	(14, 372295)	(15, 372562)	(16, 363062)	(17, 353017)	(18, 341393)	(19, 340553)	(20, 334915)	(21, 334648)	(22, 318962)	(23, 317045)	(24, 308961)	(25, 298366)	(26, 285950)	(27, 285091)	(28, 275452)	(29, 267032)	(30, 257570)	(31, 251770)	(32, 251642)	(33, 239000)	(34, 230236)	(35, 222028)	(36, 215864)	(37, 212983)	(38, 196438)	(39, 194800)	(40, 186484)	(41, 182599)	(42, 180024)	(43, 176478)	(44, 291593)	(45, 151949)	(46, 205234)	(47, 68041)	(48, 586948)	(49, 328470)	(50, 107053)	(51, 63435)	(52, 163423)	(53, 27296)	(54, 55689)	(55, 19966)	(56, 42598)	(57, 12298)	(58, 46784)	(59, 116665)	(60, 15393)	(61, 65072)	(62, 9601)	(63, 4680)	(64, 36124)	(65, 55908)	(66, 9671)	(67, 3923)	(68, 13625)	(69, 21774)	(70, 22641)	(71, 13307)	(72, 5075)	(73, 9682)	(74, 20341)	(75, 23227)	(76, 23203)	(77, 21959)	(78, 20565)	(79, 18763)	(80, 17053)	(81, 15973)	(82, 14347)	(83, 13271)	(84, 12119)	(85, 11096)	(86, 10612)	(87, 9666)	(88, 9076)	(89, 8212)	(90, 7453)	(91, 6437)	(92, 5724)	(93, 5055)	(94, 4508)	(95, 4017)	(96, 3615)	(97, 3375)	(98, 3106)	(99, 2914)	(100, 2562)	(101, 2240)	(102, 1936)	(103, 1737)	(104, 1502)	(105, 1374)	(106, 1247)	(107, 1096)	(108, 1074)	(109, 1043)	(110, 962)	(111, 851)	(112, 741)	(113, 692)	(114, 552)	(115, 509)	(116, 396)	(117, 446)	(118, 405)	(119, 378)	(120, 360)	(121, 383)	(122, 343)	(123, 284)	(124, 241)	(125, 213)	(126, 210)	(127, 194)	(128, 184)	(129, 224)	(130, 247)	(131, 249)	(132, 361)	(133, 264)	(134, 245)	(135, 360)	(136, 308)	(137, 319)	(138, 365)	(139, 323)	(140, 334)	(141, 440)	(142, 527)	(143, 338)	(144, 427)	(145, 496)	(146, 530)	(147, 664)	(148, 677)	(149, 531)	(150, 4053)	(151, 148579)
14340-YK-3_2 - Adapter 1	(1, 17318982)	(2, 5931148)	(3, 2107958)	(4, 776989)	(5, 500251)	(6, 429559)	(7, 410852)	(8, 405239)	(9, 410404)	(10, 401931)	(11, 402080)	(12, 406925)	(13, 367835)	(14, 378367)	(15, 381799)	(16, 350059)	(17, 363187)	(18, 340697)	(19, 452642)	(20, 323334)	(21, 268940)	(22, 313459)	(23, 317201)	(24, 379212)	(25, 260456)	(26, 289329)	(27, 398984)	(28, 232158)	(29, 249315)	(30, 249650)	(31, 273214)	(32, 213281)	(33, 279151)	(34, 259390)	(35, 202457)	(36, 360275)	(37, 162244)	(38, 145257)	(39, 143373)	(40, 146198)	(41, 174399)	(42, 194301)	(43, 169808)	(44, 130819)	(45, 218978)	(46, 113991)	(47, 115279)	(48, 148482)	(49, 114685)	(50, 98077)	(51, 107401)	(52, 120003)	(53, 81349)	(54, 109948)	(55, 91378)	(56, 79412)	(57, 100689)	(58, 103020)	(59, 57444)	(60, 66828)	(61, 54642)	(62, 71251)	(63, 45093)	(64, 69380)	(65, 32782)	(66, 42802)	(67, 54661)	(68, 28963)	(69, 28332)	(70, 51917)	(71, 14728)	(72, 30499)	(73, 30276)	(74, 31200)	(75, 32611)	(76, 9970)	(77, 15717)	(78, 19283)	(79, 18464)	(80, 16955)	(81, 15863)	(82, 14417)	(83, 13280)	(84, 12040)	(85, 11126)	(86, 10530)	(87, 9651)	(88, 9140)	(89, 8300)	(90, 7563)	(91, 6551)	(92, 5777)	(93, 5130)	(94, 4588)	(95, 4163)	(96, 3646)	(97, 3458)	(98, 3171)	(99, 3033)	(100, 2626)	(101, 2338)	(102, 2037)	(103, 1804)	(104, 1563)	(105, 1471)	(106, 1291)	(107, 1165)	(108, 1123)	(109, 1098)	(110, 994)	(111, 919)	(112, 789)	(113, 738)	(114, 609)	(115, 593)	(116, 452)	(117, 491)	(118, 402)	(119, 471)	(120, 420)	(121, 421)	(122, 385)	(123, 351)	(124, 329)	(125, 270)	(126, 237)	(127, 263)	(128, 238)	(129, 255)	(130, 294)	(131, 279)	(132, 356)	(133, 284)	(134, 245)	(135, 364)	(136, 296)	(137, 296)	(138, 343)	(139, 426)	(140, 306)	(141, 436)	(142, 551)	(143, 387)	(144, 449)	(145, 485)	(146, 545)	(147, 643)	(148, 726)	(149, 499)	(150, 436)	(151, 12234)
14340-YK-4_1 - Adapter 1	(1, 16186754)	(2, 5233433)	(3, 1582123)	(4, 605015)	(5, 405379)	(6, 346826)	(7, 332246)	(8, 329919)	(9, 335353)	(10, 324903)	(11, 328612)	(12, 319132)	(13, 321658)	(14, 309225)	(15, 311255)	(16, 302612)	(17, 297686)	(18, 289105)	(19, 287521)	(20, 284150)	(21, 285461)	(22, 273941)	(23, 273113)	(24, 269052)	(25, 259931)	(26, 250470)	(27, 251154)	(28, 241408)	(29, 238021)	(30, 229711)	(31, 226286)	(32, 227752)	(33, 212753)	(34, 214290)	(35, 212779)	(36, 192849)	(37, 192479)	(38, 187756)	(39, 181522)	(40, 174211)	(41, 172986)	(42, 179002)	(43, 164438)	(44, 227777)	(45, 155458)	(46, 179476)	(47, 125854)	(48, 695331)	(49, 168527)	(50, 263322)	(51, 78377)	(52, 241965)	(53, 88822)	(54, 25797)	(55, 11963)	(56, 10197)	(57, 5826)	(58, 25076)	(59, 70674)	(60, 25967)	(61, 46907)	(62, 33970)	(63, 10060)	(64, 31540)	(65, 53771)	(66, 39409)	(67, 3457)	(68, 3189)	(69, 12555)	(70, 18185)	(71, 13656)	(72, 7004)	(73, 4455)	(74, 13201)	(75, 22792)	(76, 26527)	(77, 25225)	(78, 24728)	(79, 23055)	(80, 21253)	(81, 18668)	(82, 17574)	(83, 16115)	(84, 14826)	(85, 13762)	(86, 13216)	(87, 12102)	(88, 11668)	(89, 10468)	(90, 9466)	(91, 8513)	(92, 7373)	(93, 6455)	(94, 5844)	(95, 5379)	(96, 4861)	(97, 4447)	(98, 4157)	(99, 3793)	(100, 3390)	(101, 2928)	(102, 2556)	(103, 2213)	(104, 1882)	(105, 1673)	(106, 1447)	(107, 1367)	(108, 1317)	(109, 1228)	(110, 1022)	(111, 1069)	(112, 842)	(113, 731)	(114, 581)	(115, 561)	(116, 502)	(117, 495)	(118, 381)	(119, 359)	(120, 396)	(121, 371)	(122, 347)	(123, 276)	(124, 266)	(125, 235)	(126, 200)	(127, 206)	(128, 180)	(129, 225)	(130, 202)	(131, 241)	(132, 359)	(133, 255)	(134, 298)	(135, 334)	(136, 289)	(137, 313)	(138, 369)	(139, 324)	(140, 365)	(141, 353)	(142, 490)	(143, 363)	(144, 391)	(145, 498)	(146, 434)	(147, 602)	(148, 584)	(149, 517)	(150, 5397)	(151, 218840)
14340-YK-4_2 - Adapter 1	(1, 17247102)	(2, 5845403)	(3, 2009318)	(4, 692355)	(5, 422027)	(6, 349363)	(7, 333355)	(8, 328607)	(9, 334871)	(10, 329063)	(11, 328936)	(12, 341348)	(13, 298614)	(14, 312295)	(15, 311899)	(16, 298347)	(17, 294670)	(18, 298018)	(19, 371440)	(20, 278526)	(21, 228579)	(22, 257757)	(23, 272177)	(24, 315177)	(25, 227065)	(26, 256278)	(27, 346182)	(28, 197961)	(29, 225323)	(30, 230210)	(31, 213638)	(32, 205912)	(33, 206914)	(34, 212235)	(35, 335106)	(36, 105727)	(37, 255544)	(38, 241186)	(39, 95871)	(40, 192327)	(41, 166819)	(42, 122546)	(43, 190625)	(44, 115375)	(45, 224208)	(46, 103283)	(47, 119093)	(48, 144038)	(49, 122680)	(50, 98175)	(51, 114947)	(52, 126521)	(53, 81617)	(54, 109699)	(55, 103316)	(56, 80970)	(57, 105352)	(58, 118548)	(59, 60857)	(60, 72680)	(61, 59222)	(62, 77222)	(63, 46740)	(64, 82874)	(65, 35141)	(66, 49354)	(67, 64213)	(68, 32888)	(69, 32702)	(70, 61853)	(71, 16904)	(72, 36122)	(73, 36907)	(74, 38862)	(75, 42009)	(76, 11768)	(77, 19193)	(78, 24070)	(79, 23312)	(80, 21620)	(81, 19605)	(82, 18164)	(83, 16545)	(84, 15389)	(85, 14280)	(86, 13386)	(87, 12480)	(88, 11798)	(89, 10872)	(90, 9746)	(91, 8745)	(92, 7636)	(93, 6617)	(94, 5945)	(95, 5543)	(96, 4956)	(97, 4574)	(98, 4278)	(99, 3878)	(100, 3484)	(101, 2989)	(102, 2641)	(103, 2284)	(104, 1909)	(105, 1777)	(106, 1500)	(107, 1428)	(108, 1365)	(109, 1283)	(110, 1046)	(111, 1107)	(112, 873)	(113, 789)	(114, 622)	(115, 616)	(116, 547)	(117, 484)	(118, 397)	(119, 450)	(120, 431)	(121, 371)	(122, 376)	(123, 358)	(124, 342)	(125, 293)	(126, 249)	(127, 249)	(128, 173)	(129, 254)	(130, 257)	(131, 282)	(132, 359)	(133, 275)	(134, 306)	(135, 332)	(136, 298)	(137, 291)	(138, 355)	(139, 414)	(140, 351)	(141, 339)	(142, 513)	(143, 421)	(144, 400)	(145, 457)	(146, 432)	(147, 538)	(148, 582)	(149, 398)	(150, 283)	(151, 7322)
14340-YK-5_1 - Adapter 1	(1, 16305843)	(2, 5293958)	(3, 1582909)	(4, 600914)	(5, 395240)	(6, 336034)	(7, 322196)	(8, 319703)	(9, 323280)	(10, 314997)	(11, 316423)	(12, 308673)	(13, 304534)	(14, 298031)	(15, 297436)	(16, 288683)	(17, 286388)	(18, 275240)	(19, 273958)	(20, 272167)	(21, 271896)	(22, 260240)	(23, 259403)	(24, 255011)	(25, 248997)	(26, 237247)	(27, 238316)	(28, 232018)	(29, 225782)	(30, 218615)	(31, 215662)	(32, 217336)	(33, 210369)	(34, 200312)	(35, 199946)	(36, 187840)	(37, 186411)	(38, 179902)	(39, 186430)	(40, 168839)	(41, 166688)	(42, 168761)	(43, 163705)	(44, 234252)	(45, 134281)	(46, 163153)	(47, 137631)	(48, 704812)	(49, 331776)	(50, 212776)	(51, 64135)	(52, 173579)	(53, 40696)	(54, 32945)	(55, 15510)	(56, 24795)	(57, 7770)	(58, 41176)	(59, 99660)	(60, 18297)	(61, 60439)	(62, 19799)	(63, 7041)	(64, 40118)	(65, 61081)	(66, 23034)	(67, 4522)	(68, 8045)	(69, 21059)	(70, 23868)	(71, 16538)	(72, 7470)	(73, 8091)	(74, 20728)	(75, 27904)	(76, 29627)	(77, 29095)	(78, 27509)	(79, 25327)	(80, 24104)	(81, 22400)	(82, 20599)	(83, 18273)	(84, 17088)	(85, 16015)	(86, 15092)	(87, 14460)	(88, 13354)	(89, 12024)	(90, 10952)	(91, 9632)	(92, 8483)	(93, 7655)	(94, 6627)	(95, 5817)	(96, 5464)	(97, 5099)	(98, 4688)	(99, 4260)	(100, 3796)	(101, 3344)	(102, 2752)	(103, 2488)	(104, 2168)	(105, 2031)	(106, 1710)	(107, 1608)	(108, 1505)	(109, 1382)	(110, 1308)	(111, 1183)	(112, 1086)	(113, 893)	(114, 752)	(115, 631)	(116, 576)	(117, 571)	(118, 484)	(119, 495)	(120, 477)	(121, 432)	(122, 462)	(123, 348)	(124, 296)	(125, 271)	(126, 223)	(127, 225)	(128, 271)	(129, 255)	(130, 266)	(131, 253)	(132, 435)	(133, 279)	(134, 320)	(135, 418)	(136, 325)	(137, 345)	(138, 316)	(139, 375)	(140, 391)	(141, 404)	(142, 498)	(143, 333)	(144, 452)	(145, 471)	(146, 515)	(147, 636)	(148, 612)	(149, 564)	(150, 6532)	(151, 257461)
14340-YK-5_2 - Adapter 1	(1, 17457385)	(2, 5906026)	(3, 2021221)	(4, 689630)	(5, 413210)	(6, 338517)	(7, 323490)	(8, 318838)	(9, 322725)	(10, 320755)	(11, 315960)	(12, 337037)	(13, 276369)	(14, 300899)	(15, 301476)	(16, 282739)	(17, 288844)	(18, 277981)	(19, 319385)	(20, 314506)	(21, 210897)	(22, 245637)	(23, 258176)	(24, 299957)	(25, 222608)	(26, 244973)	(27, 343585)	(28, 199832)	(29, 215482)	(30, 241535)	(31, 182876)	(32, 207851)	(33, 221330)	(34, 195202)	(35, 221310)	(36, 170777)	(37, 320554)	(38, 95683)	(39, 162664)	(40, 193408)	(41, 124383)	(42, 143827)	(43, 173572)	(44, 119506)	(45, 223403)	(46, 102569)	(47, 112141)	(48, 150031)	(49, 119358)	(50, 97844)	(51, 110325)	(52, 130951)	(53, 76098)	(54, 111052)	(55, 106086)	(56, 81029)	(57, 109530)	(58, 124098)	(59, 61872)	(60, 76499)	(61, 59062)	(62, 78320)	(63, 49209)	(64, 82721)	(65, 38103)	(66, 51901)	(67, 68556)	(68, 33354)	(69, 34265)	(70, 66809)	(71, 17573)	(72, 39013)	(73, 40249)	(74, 41929)	(75, 44603)	(76, 13685)	(77, 20894)	(78, 26472)	(79, 25926)	(80, 24453)	(81, 22321)	(82, 20512)	(83, 18840)	(84, 17324)	(85, 16223)	(86, 15147)	(87, 14681)	(88, 13473)	(89, 12280)	(90, 11220)	(91, 9880)	(92, 8633)	(93, 7851)	(94, 6821)	(95, 5933)	(96, 5534)	(97, 5213)	(98, 4775)	(99, 4334)	(100, 3863)	(101, 3403)	(102, 2862)	(103, 2515)	(104, 2246)	(105, 2140)	(106, 1777)	(107, 1649)	(108, 1566)	(109, 1448)	(110, 1351)	(111, 1227)	(112, 1124)	(113, 956)	(114, 849)	(115, 711)	(116, 615)	(117, 605)	(118, 517)	(119, 610)	(120, 494)	(121, 466)	(122, 470)	(123, 388)	(124, 369)	(125, 309)	(126, 265)	(127, 276)	(128, 268)	(129, 299)	(130, 274)	(131, 268)	(132, 418)	(133, 283)	(134, 286)	(135, 423)	(136, 308)	(137, 311)	(138, 297)	(139, 466)	(140, 338)	(141, 411)	(142, 516)	(143, 364)	(144, 453)	(145, 449)	(146, 502)	(147, 561)	(148, 559)	(149, 400)	(150, 299)	(151, 8448)
14340-YK-6_1 - Adapter 1	(1, 13370102)	(2, 4355651)	(3, 1328933)	(4, 527260)	(5, 361524)	(6, 313668)	(7, 303316)	(8, 301496)	(9, 306680)	(10, 299548)	(11, 301339)	(12, 295381)	(13, 295876)	(14, 288799)	(15, 290565)	(16, 282225)	(17, 281316)	(18, 273301)	(19, 273139)	(20, 271612)	(21, 272903)	(22, 261961)	(23, 262582)	(24, 257970)	(25, 253249)	(26, 244753)	(27, 247315)	(28, 237857)	(29, 234255)	(30, 227372)	(31, 225047)	(32, 227629)	(33, 212621)	(34, 214432)	(35, 208435)	(36, 203714)	(37, 199073)	(38, 195227)	(39, 196020)	(40, 178835)	(41, 182540)	(42, 184185)	(43, 180346)	(44, 263790)	(45, 192540)	(46, 250600)	(47, 82906)	(48, 850323)	(49, 341217)	(50, 165198)	(51, 48362)	(52, 189606)	(53, 46704)	(54, 36799)	(55, 15177)	(56, 18181)	(57, 8042)	(58, 35339)	(59, 91932)	(60, 16153)	(61, 47433)	(62, 13335)	(63, 5242)	(64, 33871)	(65, 62021)	(66, 18510)	(67, 5942)	(68, 12282)	(69, 27073)	(70, 27857)	(71, 18609)	(72, 8023)	(73, 7361)	(74, 19665)	(75, 28464)	(76, 31257)	(77, 30658)	(78, 29267)	(79, 27455)	(80, 25451)	(81, 22697)	(82, 20845)	(83, 19609)	(84, 17761)	(85, 16584)	(86, 15424)	(87, 14549)	(88, 13483)	(89, 12347)	(90, 11099)	(91, 9933)	(92, 8784)	(93, 8045)	(94, 6849)	(95, 6237)	(96, 5750)	(97, 5167)	(98, 4798)	(99, 4373)	(100, 3894)	(101, 3463)	(102, 2949)	(103, 2533)	(104, 2139)	(105, 1861)	(106, 1762)	(107, 1534)	(108, 1436)	(109, 1347)	(110, 1207)	(111, 1098)	(112, 984)	(113, 839)	(114, 760)	(115, 630)	(116, 499)	(117, 515)	(118, 430)	(119, 393)	(120, 426)	(121, 356)	(122, 373)	(123, 271)	(124, 253)	(125, 207)	(126, 168)	(127, 148)	(128, 184)	(129, 180)	(130, 177)	(131, 178)	(132, 242)	(133, 171)	(134, 210)	(135, 302)	(136, 221)	(137, 250)	(138, 220)	(139, 253)	(140, 237)	(141, 267)	(142, 364)	(143, 257)	(144, 304)	(145, 349)	(146, 345)	(147, 431)	(148, 413)	(149, 481)	(150, 6258)	(151, 270247)
14340-YK-6_2 - Adapter 1	(1, 14234624)	(2, 4820249)	(3, 1674494)	(4, 596729)	(5, 375303)	(6, 315990)	(7, 304601)	(8, 301437)	(9, 306289)	(10, 304305)	(11, 301495)	(12, 322201)	(13, 269652)	(14, 293104)	(15, 293229)	(16, 277072)	(17, 282393)	(18, 276754)	(19, 312037)	(20, 317323)	(21, 216644)	(22, 241802)	(23, 261727)	(24, 315290)	(25, 215424)	(26, 251518)	(27, 334855)	(28, 207553)	(29, 221006)	(30, 236280)	(31, 203920)	(32, 206489)	(33, 210747)	(34, 263105)	(35, 176664)	(36, 283035)	(37, 131352)	(38, 186958)	(39, 265682)	(40, 111581)	(41, 163467)	(42, 190860)	(43, 182293)	(44, 138079)	(45, 228056)	(46, 120386)	(47, 126741)	(48, 158093)	(49, 131779)	(50, 107353)	(51, 123990)	(52, 138497)	(53, 89020)	(54, 121933)	(55, 108632)	(56, 92712)	(57, 118969)	(58, 133145)	(59, 67132)	(60, 86533)	(61, 65898)	(62, 82920)	(63, 54731)	(64, 89917)	(65, 42258)	(66, 55177)	(67, 74126)	(68, 37176)	(69, 37857)	(70, 70658)	(71, 19895)	(72, 41761)	(73, 42698)	(74, 44271)	(75, 48144)	(76, 14334)	(77, 22312)	(78, 27752)	(79, 27278)	(80, 25434)	(81, 23312)	(82, 21206)	(83, 19698)	(84, 17972)	(85, 16915)	(86, 15576)	(87, 14776)	(88, 13819)	(89, 12634)	(90, 11430)	(91, 10133)	(92, 8970)	(93, 8210)	(94, 7004)	(95, 6391)	(96, 5864)	(97, 5270)	(98, 4904)	(99, 4479)	(100, 3977)	(101, 3505)	(102, 3011)	(103, 2591)	(104, 2238)	(105, 1950)	(106, 1818)	(107, 1598)	(108, 1491)	(109, 1372)	(110, 1224)	(111, 1145)	(112, 1044)	(113, 868)	(114, 801)	(115, 683)	(116, 539)	(117, 567)	(118, 455)	(119, 488)	(120, 450)	(121, 375)	(122, 379)	(123, 331)	(124, 306)	(125, 260)	(126, 185)	(127, 207)	(128, 172)	(129, 216)	(130, 215)	(131, 197)	(132, 226)	(133, 177)	(134, 195)	(135, 291)	(136, 213)	(137, 206)	(138, 219)	(139, 312)	(140, 216)	(141, 247)	(142, 372)	(143, 281)	(144, 299)	(145, 331)	(146, 319)	(147, 369)	(148, 358)	(149, 336)	(150, 316)	(151, 8567)
14340-YK-7_1 - Adapter 1	(1, 15934756)	(2, 5140585)	(3, 1534510)	(4, 572707)	(5, 373122)	(6, 314303)	(7, 301372)	(8, 297204)	(9, 301581)	(10, 291794)	(11, 295465)	(12, 285717)	(13, 284306)	(14, 275182)	(15, 275522)	(16, 270055)	(17, 261698)	(18, 256066)	(19, 254094)	(20, 250711)	(21, 250027)	(22, 241452)	(23, 239258)	(24, 233447)	(25, 231028)	(26, 220637)	(27, 219473)	(28, 213872)	(29, 207124)	(30, 202139)	(31, 199769)	(32, 198713)	(33, 192355)	(34, 186118)	(35, 177120)	(36, 175412)	(37, 171962)	(38, 170259)	(39, 159469)	(40, 158961)	(41, 151892)	(42, 153137)	(43, 145390)	(44, 213314)	(45, 127901)	(46, 183131)	(47, 81052)	(48, 389902)	(49, 450595)	(50, 102272)	(51, 75578)	(52, 116132)	(53, 23362)	(54, 94833)	(55, 13260)	(56, 50986)	(57, 17448)	(58, 46745)	(59, 138861)	(60, 17509)	(61, 76707)	(62, 11844)	(63, 5524)	(64, 36680)	(65, 66323)	(66, 11639)	(67, 3638)	(68, 20091)	(69, 29976)	(70, 31414)	(71, 19953)	(72, 6967)	(73, 8190)	(74, 21750)	(75, 27221)	(76, 27547)	(77, 27113)	(78, 25618)	(79, 24040)	(80, 22020)	(81, 20303)	(82, 18891)	(83, 17317)	(84, 16413)	(85, 14930)	(86, 14105)	(87, 13165)	(88, 12507)	(89, 11245)	(90, 10751)	(91, 9456)	(92, 8550)	(93, 7412)	(94, 6495)	(95, 5880)	(96, 5423)	(97, 5182)	(98, 4824)	(99, 4313)	(100, 3839)	(101, 3429)	(102, 3013)	(103, 2570)	(104, 2246)	(105, 1899)	(106, 1745)	(107, 1642)	(108, 1541)	(109, 1533)	(110, 1328)	(111, 1265)	(112, 1094)	(113, 900)	(114, 787)	(115, 757)	(116, 632)	(117, 623)	(118, 505)	(119, 487)	(120, 476)	(121, 495)	(122, 448)	(123, 329)	(124, 308)	(125, 253)	(126, 251)	(127, 233)	(128, 233)	(129, 235)	(130, 242)	(131, 278)	(132, 357)	(133, 295)	(134, 329)	(135, 417)	(136, 334)	(137, 387)	(138, 361)	(139, 374)	(140, 386)	(141, 395)	(142, 580)	(143, 415)	(144, 424)	(145, 549)	(146, 550)	(147, 725)	(148, 627)	(149, 640)	(150, 6645)	(151, 258280)
14340-YK-7_2 - Adapter 1	(1, 17022523)	(2, 5720348)	(3, 1950408)	(4, 657979)	(5, 389579)	(6, 316569)	(7, 302148)	(8, 295970)	(9, 301097)	(10, 294568)	(11, 297288)	(12, 298897)	(13, 271341)	(14, 278069)	(15, 280896)	(16, 262677)	(17, 268908)	(18, 257609)	(19, 334899)	(20, 244481)	(21, 201348)	(22, 232392)	(23, 239026)	(24, 289333)	(25, 200888)	(26, 226301)	(27, 313235)	(28, 186593)	(29, 199097)	(30, 219458)	(31, 171857)	(32, 194546)	(33, 180857)	(34, 269482)	(35, 181513)	(36, 201612)	(37, 146793)	(38, 126626)	(39, 180278)	(40, 111639)	(41, 200953)	(42, 92925)	(43, 175681)	(44, 93210)	(45, 204422)	(46, 89640)	(47, 99296)	(48, 134215)	(49, 106526)	(50, 90035)	(51, 99499)	(52, 113334)	(53, 72212)	(54, 101515)	(55, 91079)	(56, 75847)	(57, 98791)	(58, 109421)	(59, 56226)	(60, 68427)	(61, 55325)	(62, 70574)	(63, 43318)	(64, 75098)	(65, 33751)	(66, 46655)	(67, 63098)	(68, 30188)	(69, 31572)	(70, 59221)	(71, 16032)	(72, 35063)	(73, 35574)	(74, 37161)	(75, 41375)	(76, 13142)	(77, 18702)	(78, 23886)	(79, 23444)	(80, 21750)	(81, 20168)	(82, 18777)	(83, 17167)	(84, 16280)	(85, 15046)	(86, 14038)	(87, 13194)	(88, 12557)	(89, 11381)	(90, 10882)	(91, 9626)	(92, 8609)	(93, 7508)	(94, 6555)	(95, 5995)	(96, 5490)	(97, 5225)	(98, 4861)	(99, 4396)	(100, 3929)	(101, 3454)	(102, 3079)	(103, 2640)	(104, 2283)	(105, 2023)	(106, 1793)	(107, 1695)	(108, 1573)	(109, 1573)	(110, 1352)	(111, 1301)	(112, 1131)	(113, 949)	(114, 832)	(115, 838)	(116, 677)	(117, 644)	(118, 528)	(119, 569)	(120, 486)	(121, 513)	(122, 464)	(123, 367)	(124, 387)	(125, 328)	(126, 267)	(127, 311)	(128, 262)	(129, 282)	(130, 268)	(131, 288)	(132, 366)	(133, 296)	(134, 301)	(135, 436)	(136, 326)	(137, 365)	(138, 353)	(139, 527)	(140, 350)	(141, 378)	(142, 625)	(143, 435)	(144, 441)	(145, 526)	(146, 519)	(147, 665)	(148, 612)	(149, 517)	(150, 341)	(151, 10585)
14340-YK-8_1 - Adapter 1	(1, 14752729)	(2, 4749164)	(3, 1440112)	(4, 541950)	(5, 359834)	(6, 305058)	(7, 292159)	(8, 287607)	(9, 293648)	(10, 282439)	(11, 285972)	(12, 275502)	(13, 273075)	(14, 265076)	(15, 264616)	(16, 258347)	(17, 249253)	(18, 244541)	(19, 239844)	(20, 238212)	(21, 235300)	(22, 226303)	(23, 224657)	(24, 217228)	(25, 215066)	(26, 203044)	(27, 201650)	(28, 194934)	(29, 189629)	(30, 183156)	(31, 178980)	(32, 180632)	(33, 170237)	(34, 169613)	(35, 219453)	(36, 101366)	(37, 145686)	(38, 146939)	(39, 141937)	(40, 142709)	(41, 131291)	(42, 137869)	(43, 124395)	(44, 173896)	(45, 104154)	(46, 169712)	(47, 40388)	(48, 157769)	(49, 177617)	(50, 67815)	(51, 99222)	(52, 92221)	(53, 53150)	(54, 103110)	(55, 38438)	(56, 72796)	(57, 51968)	(58, 53166)	(59, 102399)	(60, 44502)	(61, 91229)	(62, 12352)	(63, 23153)	(64, 38056)	(65, 94749)	(66, 11574)	(67, 8933)	(68, 33439)	(69, 34118)	(70, 41386)	(71, 27644)	(72, 7328)	(73, 8865)	(74, 18379)	(75, 21499)	(76, 21085)	(77, 20008)	(78, 18887)	(79, 17738)	(80, 16451)	(81, 15181)	(82, 13735)	(83, 12791)	(84, 11547)	(85, 10977)	(86, 10549)	(87, 9817)	(88, 9171)	(89, 8369)	(90, 7538)	(91, 6672)	(92, 5932)	(93, 5222)	(94, 4800)	(95, 4331)	(96, 3903)	(97, 3627)	(98, 3501)	(99, 3169)	(100, 2728)	(101, 2465)	(102, 2113)	(103, 1985)	(104, 1621)	(105, 1527)	(106, 1378)	(107, 1264)	(108, 1208)	(109, 1162)	(110, 1040)	(111, 957)	(112, 796)	(113, 785)	(114, 640)	(115, 558)	(116, 481)	(117, 485)	(118, 419)	(119, 395)	(120, 400)	(121, 401)	(122, 349)	(123, 276)	(124, 280)	(125, 227)	(126, 177)	(127, 212)	(128, 234)	(129, 220)	(130, 213)	(131, 246)	(132, 312)	(133, 273)	(134, 299)	(135, 374)	(136, 317)	(137, 315)	(138, 329)	(139, 350)	(140, 357)	(141, 377)	(142, 542)	(143, 341)	(144, 420)	(145, 570)	(146, 500)	(147, 669)	(148, 640)	(149, 466)	(150, 5143)	(151, 209437)
14340-YK-8_2 - Adapter 1	(1, 15724346)	(2, 5280094)	(3, 1818740)	(4, 621551)	(5, 373483)	(6, 306922)	(7, 292865)	(8, 286793)	(9, 293132)	(10, 287537)	(11, 285313)	(12, 298914)	(13, 249543)	(14, 267437)	(15, 268160)	(16, 250751)	(17, 255301)	(18, 244143)	(19, 305908)	(20, 234241)	(21, 191429)	(22, 211949)	(23, 223692)	(24, 255339)	(25, 188862)	(26, 207684)	(27, 285970)	(28, 153190)	(29, 197117)	(30, 189341)	(31, 165421)	(32, 168960)	(33, 205579)	(34, 123763)	(35, 161175)	(36, 237959)	(37, 98642)	(38, 184759)	(39, 145827)	(40, 106244)	(41, 120073)	(42, 110664)	(43, 134736)	(44, 98536)	(45, 166706)	(46, 85408)	(47, 89996)	(48, 111327)	(49, 94635)	(50, 77170)	(51, 85765)	(52, 97708)	(53, 63851)	(54, 84956)	(55, 77214)	(56, 63373)	(57, 77455)	(58, 86845)	(59, 51990)	(60, 53289)	(61, 46346)	(62, 57422)	(63, 35987)	(64, 60165)	(65, 28155)	(66, 37434)	(67, 48597)	(68, 24575)	(69, 25147)	(70, 46102)	(71, 13244)	(72, 27093)	(73, 27202)	(74, 28745)	(75, 31854)	(76, 9811)	(77, 14595)	(78, 17977)	(79, 17447)	(80, 16365)	(81, 15047)	(82, 13745)	(83, 12687)	(84, 11522)	(85, 10928)	(86, 10546)	(87, 9747)	(88, 9192)	(89, 8390)	(90, 7608)	(91, 6715)	(92, 5985)	(93, 5240)	(94, 4851)	(95, 4415)	(96, 3953)	(97, 3689)	(98, 3519)	(99, 3219)	(100, 2809)	(101, 2497)	(102, 2189)	(103, 1996)	(104, 1689)	(105, 1604)	(106, 1426)	(107, 1314)	(108, 1228)	(109, 1191)	(110, 1023)	(111, 1003)	(112, 816)	(113, 828)	(114, 686)	(115, 601)	(116, 511)	(117, 494)	(118, 441)	(119, 455)	(120, 441)	(121, 457)	(122, 391)	(123, 336)	(124, 322)	(125, 292)	(126, 215)	(127, 255)	(128, 239)	(129, 236)	(130, 246)	(131, 297)	(132, 315)	(133, 274)	(134, 305)	(135, 372)	(136, 316)	(137, 312)	(138, 335)	(139, 426)	(140, 351)	(141, 394)	(142, 551)	(143, 377)	(144, 428)	(145, 568)	(146, 481)	(147, 649)	(148, 665)	(149, 434)	(150, 345)	(151, 9567)
14340-YK-9_1 - Adapter 1	(1, 15270176)	(2, 4911111)	(3, 1466521)	(4, 545631)	(5, 357310)	(6, 300223)	(7, 287873)	(8, 286020)	(9, 288539)	(10, 279874)	(11, 282630)	(12, 274046)	(13, 273141)	(14, 263559)	(15, 264396)	(16, 259183)	(17, 250340)	(18, 244972)	(19, 241810)	(20, 240902)	(21, 240131)	(22, 230637)	(23, 229386)	(24, 224529)	(25, 220387)	(26, 211215)	(27, 208025)	(28, 205593)	(29, 197228)	(30, 191483)	(31, 191685)	(32, 188761)	(33, 181471)	(34, 174038)	(35, 168776)	(36, 167738)	(37, 157904)	(38, 155129)	(39, 150471)	(40, 145581)	(41, 144302)	(42, 150792)	(43, 130515)	(44, 190391)	(45, 117333)	(46, 191172)	(47, 44609)	(48, 218213)	(49, 530406)	(50, 143291)	(51, 56176)	(52, 99189)	(53, 21834)	(54, 115697)	(55, 8486)	(56, 36718)	(57, 21006)	(58, 33501)	(59, 114948)	(60, 16268)	(61, 53159)	(62, 12021)	(63, 5476)	(64, 26299)	(65, 53532)	(66, 13255)	(67, 2629)	(68, 18672)	(69, 27934)	(70, 29203)	(71, 20438)	(72, 8699)	(73, 4341)	(74, 13668)	(75, 20581)	(76, 22057)	(77, 21467)	(78, 20805)	(79, 19311)	(80, 18179)	(81, 16839)	(82, 15097)	(83, 14024)	(84, 12793)	(85, 12009)	(86, 11314)	(87, 10563)	(88, 9781)	(89, 9018)	(90, 8001)	(91, 7144)	(92, 6491)	(93, 5516)	(94, 5007)	(95, 4463)	(96, 4141)	(97, 3770)	(98, 3458)	(99, 3086)	(100, 2764)	(101, 2445)	(102, 2114)	(103, 1804)	(104, 1477)	(105, 1359)	(106, 1220)	(107, 1106)	(108, 1101)	(109, 998)	(110, 858)	(111, 824)	(112, 649)	(113, 641)	(114, 492)	(115, 431)	(116, 334)	(117, 384)	(118, 287)	(119, 307)	(120, 283)	(121, 293)	(122, 275)	(123, 218)	(124, 186)	(125, 164)	(126, 165)	(127, 165)	(128, 185)	(129, 177)	(130, 184)	(131, 206)	(132, 283)	(133, 210)	(134, 243)	(135, 308)	(136, 269)	(137, 237)	(138, 324)	(139, 261)	(140, 322)	(141, 360)	(142, 403)	(143, 308)	(144, 339)	(145, 388)	(146, 411)	(147, 504)	(148, 485)	(149, 407)	(150, 2819)	(151, 97529)
14340-YK-9_2 - Adapter 1	(1, 16374449)	(2, 5452410)	(3, 1863562)	(4, 626116)	(5, 370685)	(6, 302605)	(7, 288736)	(8, 285473)	(9, 288074)	(10, 284989)	(11, 282216)	(12, 298930)	(13, 247829)	(14, 266963)	(15, 266765)	(16, 251467)	(17, 255166)	(18, 246475)	(19, 282243)	(20, 275208)	(21, 189602)	(22, 210901)	(23, 228180)	(24, 265412)	(25, 194965)	(26, 218268)	(27, 297171)	(28, 176945)	(29, 182744)	(30, 195099)	(31, 180630)	(32, 173855)	(33, 229819)	(34, 112812)	(35, 164465)	(36, 167345)	(37, 234058)	(38, 181196)	(39, 102851)	(40, 131703)	(41, 118978)	(42, 143413)	(43, 150021)	(44, 100848)	(45, 186837)	(46, 84843)	(47, 97688)	(48, 121094)	(49, 100309)	(50, 83566)	(51, 90629)	(52, 107907)	(53, 64760)	(54, 90467)	(55, 88078)	(56, 66382)	(57, 85063)	(58, 99732)	(59, 52988)	(60, 59055)	(61, 50749)	(62, 64669)	(63, 37789)	(64, 65386)	(65, 31469)	(66, 40383)	(67, 54910)	(68, 27250)	(69, 27088)	(70, 50926)	(71, 14710)	(72, 30470)	(73, 30395)	(74, 31739)	(75, 36033)	(76, 11749)	(77, 15332)	(78, 19709)	(79, 19402)	(80, 18209)	(81, 16718)	(82, 15037)	(83, 14065)	(84, 12899)	(85, 12112)	(86, 11310)	(87, 10655)	(88, 9921)	(89, 9146)	(90, 8128)	(91, 7224)	(92, 6601)	(93, 5565)	(94, 5075)	(95, 4572)	(96, 4204)	(97, 3826)	(98, 3492)	(99, 3153)	(100, 2823)	(101, 2477)	(102, 2186)	(103, 1840)	(104, 1526)	(105, 1444)	(106, 1268)	(107, 1137)	(108, 1127)	(109, 1025)	(110, 882)	(111, 827)	(112, 655)	(113, 685)	(114, 532)	(115, 505)	(116, 365)	(117, 394)	(118, 301)	(119, 385)	(120, 305)	(121, 308)	(122, 298)	(123, 272)	(124, 264)	(125, 243)	(126, 176)	(127, 233)	(128, 205)	(129, 202)	(130, 224)	(131, 241)	(132, 269)	(133, 202)	(134, 252)	(135, 319)	(136, 279)	(137, 239)	(138, 333)	(139, 336)	(140, 307)	(141, 379)	(142, 424)	(143, 332)	(144, 375)	(145, 404)	(146, 430)	(147, 502)	(148, 523)	(149, 353)	(150, 218)	(151, 4692)
