Sample	0	1	2	3	4	5	6	7	8	9	10	11	12	13	14	15	16	17	18	19	20	21	22	23	24	25	26	27	28	29	30	31	32	33	34	35
14340-YK-1_1 - illumina_universal_adapter	(1, 0.00958800447465256)	(2, 0.009772100171853959)	(3, 0.010210423260428723)	(4, 0.010785252682302486)	(5, 0.011284941003277718)	(6, 0.011747058773803684)	(7, 0.012191643620786658)	(8, 0.012564844421916029)	(9, 0.012911745837730915)	(10, 0.014137046723049626)	(15, 0.015684452460886712)	(20, 0.016884706312572575)	(25, 0.01791313751353714)	(30, 0.019860293908154407)	(35, 0.023271950359284043)	(40, 0.030050679541676856)	(45, 0.0417534050659504)	(50, 0.06443123978746339)	(55, 0.10443310579146906)	(60, 0.17314062563106783)	(65, 0.2829180169887767)	(70, 0.44714014535419794)	(75, 0.6911861680261465)	(80, 1.0290070322677802)	(85, 1.4981692810029836)	(90, 2.1093852800461868)	(95, 2.9010030397706195)	(100, 3.8802779344087073)	(105, 5.062201114530379)	(110, 6.447990617381201)	(115, 8.02390463842885)	(120, 9.795119147173551)	(125, 11.73536556615219)	(130, 13.83022757421671)	(135, 16.039515452610857)	(140, 17.42156443145895)
14340-YK-1_1 - polya	(1, 0.0006762699080867792)	(2, 0.001472765577611208)	(3, 0.0027576784029760886)	(4, 0.00743270723054636)	(5, 0.010513492367386133)	(6, 0.014906742066586912)	(7, 0.02199380023300003)	(8, 0.028539842472943725)	(9, 0.03750417581013848)	(10, 0.06200919163516742)	(15, 0.08838371805055181)	(20, 0.1120727015198227)	(25, 0.14755983971150827)	(30, 0.1831373976946084)	(35, 0.20639532171505803)	(40, 0.226774590160085)	(45, 0.2485782834078117)	(50, 0.27070433197839316)	(55, 0.2912724550570117)	(60, 0.31120864147707367)	(65, 0.33166881184073466)	(70, 0.35608691445905766)	(75, 0.37836149193908186)	(80, 0.39865610141042973)	(85, 0.4161664826231508)	(90, 0.4358103701607174)	(95, 0.45566966218752647)	(100, 0.4741916930886781)	(105, 0.4937606899956825)	(110, 0.5134226113974648)	(115, 0.5279346122139981)	(120, 0.5417320211609864)	(125, 0.5540048171707435)	(130, 0.5690443085155844)	(135, 0.584153681084261)	(140, 0.5917812542364709)
14340-YK-1_1 - polyg	(1, 0.0)	(2, 0.0)	(3, 0.004082666482153519)	(4, 0.005020677891703514)	(5, 0.005469019793731416)	(6, 0.005669396062794166)	(7, 0.005884800552036621)	(8, 0.0061002050412790765)	(9, 0.006294319551933616)	(10, 0.0066186786374789405)	(15, 0.006988623324236042)	(20, 0.007451742976107322)	(25, 0.007917116861005557)	(30, 0.008443355037631602)	(35, 0.009197521220316526)	(40, 0.01005387930022345)	(45, 0.011072041217398547)	(50, 0.012041862359662254)	(55, 0.01308381895878855)	(60, 0.014064410325514382)	(65, 0.015896851306093224)	(70, 0.20571604616293535)	(75, 0.31967704354833815)	(80, 0.32453716995445514)	(85, 0.3279167662025347)	(90, 0.3304019328795854)	(95, 0.33258753703438737)	(100, 0.33510902191020575)	(105, 0.33881247630315803)	(110, 0.34497028952179265)	(115, 0.35561402646406953)	(120, 0.37429936402450725)	(125, 0.40891060745005225)	(130, 0.4664546643994926)	(135, 0.5601956924737734)	(140, 0.636377497619749)
14340-YK-1_2 - illumina_universal_adapter	(1, 0.009603032694832266)	(2, 0.009785876040352023)	(3, 0.010217937370518577)	(4, 0.010791514440710697)	(5, 0.011301221575139065)	(6, 0.011758329938938463)	(7, 0.012210428896011292)	(8, 0.012587386752185589)	(9, 0.012935540519682116)	(10, 0.014169106926099666)	(15, 0.015734796998488725)	(20, 0.01692753674008474)	(25, 0.01799153472880794)	(30, 0.020009323758269824)	(35, 0.023514906585522626)	(40, 0.030417869054734342)	(45, 0.04222328741690255)	(50, 0.06502310119220749)	(55, 0.1049771273619744)	(60, 0.17370618765049745)	(65, 0.28383999829680173)	(70, 0.4483391468542021)	(75, 0.6922088384093756)	(80, 1.0296557504388708)	(85, 1.4982146161338588)	(90, 2.109203939522685)	(95, 2.90128882642437)	(100, 3.8795856343990955)	(105, 5.05841425351543)	(110, 6.441873630827388)	(115, 8.016565857574426)	(120, 9.783206527507435)	(125, 11.715705648513099)	(130, 13.802041646328997)	(135, 15.997643575075822)	(140, 17.369769670609593)
14340-YK-1_2 - polya	(1, 0.004831572787775545)	(2, 0.010344424890364438)	(3, 0.012692584293443531)	(4, 0.015401420980835575)	(5, 0.017631859325840306)	(6, 0.019393918141910858)	(7, 0.021010704162910915)	(8, 0.024529812388325453)	(9, 0.028985679671608342)	(10, 0.04035903670361)	(15, 0.05628268833569037)	(20, 0.07436389144490389)	(25, 0.08941239972185269)	(30, 0.10288044017656908)	(35, 0.11559832197398176)	(40, 0.12857168351444948)	(45, 0.14283496728700865)	(50, 0.15901234536978973)	(55, 0.17587901781814666)	(60, 0.19242934623172075)	(65, 0.21093133950596607)	(70, 0.23152551149956277)	(75, 0.25057177681464976)	(80, 0.2675787126513506)	(85, 0.2864912268068382)	(90, 0.30772935803513535)	(95, 0.32742734716534894)	(100, 0.34777330305564413)	(105, 0.36386201463936496)	(110, 0.38148936549915136)	(115, 0.4032259326967421)	(120, 0.4336082349637178)	(125, 0.45811600596244634)	(130, 0.4720521754757606)	(135, 0.4863427605149795)	(140, 0.4948066541201901)
14340-YK-1_2 - polyg	(1, 0.5732852722502975)	(2, 0.5771287395612573)	(3, 0.5787618061541188)	(4, 0.5813591835418447)	(5, 0.5833366468471577)	(6, 0.5859215007180671)	(7, 0.5886716650109534)	(8, 0.591455642799244)	(9, 0.5956673015046067)	(10, 0.6121950875879112)	(15, 0.6295471715480726)	(20, 0.6335767383189245)	(25, 0.63566591139424)	(30, 0.6371003550103929)	(35, 0.6382940966333343)	(40, 0.6393921585877982)	(45, 0.6404466387037409)	(50, 0.641342070156115)	(55, 0.6422352473754622)	(60, 0.6430560386676105)	(65, 0.6438718205530323)	(70, 0.644651785180359)	(75, 0.652174160791311)	(80, 0.6682809062392473)	(85, 0.6886892292432885)	(90, 0.7011017877007167)	(95, 0.7077279804482857)	(100, 0.7117871027188242)	(105, 0.715582479725209)	(110, 0.720338911412086)	(115, 0.7280238422713151)	(120, 0.7404386549617705)	(125, 0.7623548093905087)	(130, 0.8011025704205178)	(135, 0.8660700671980603)	(140, 0.9232624637952956)
14340-YK-2_1 - illumina_universal_adapter	(1, 0.007115694052051565)	(2, 0.007233801710105338)	(3, 0.007609173573820794)	(4, 0.008078096057776863)	(5, 0.008590285703594215)	(6, 0.008993722753381854)	(7, 0.009380788444627388)	(8, 0.009752652160083822)	(9, 0.01004265908282972)	(10, 0.01113696746309428)	(15, 0.012636350029000692)	(20, 0.013736973076131495)	(25, 0.014646285104870243)	(30, 0.016227290586936595)	(35, 0.018744971654162067)	(40, 0.023350000935506203)	(45, 0.03089368907515857)	(50, 0.04466621138698149)	(55, 0.06907169719535242)	(60, 0.11102377121260314)	(65, 0.17878763073699178)	(70, 0.28069793440230506)	(75, 0.43238278107283856)	(80, 0.6427035193743335)	(85, 0.935734465919509)	(90, 1.319464609800363)	(95, 1.8193034688569985)	(100, 2.445669074035961)	(105, 3.217747020412746)	(110, 4.142065504144293)	(115, 5.22201386420192)	(120, 6.472178279416992)	(125, 7.885951269481917)	(130, 9.462609454225682)	(135, 11.17942400883118)	(140, 12.280577020225644)
14340-YK-2_1 - polya	(1, 0.0004864632252511834)	(2, 0.0012676109042602953)	(3, 0.0025176810672254755)	(4, 0.007091137014238405)	(5, 0.010223913409545905)	(6, 0.014624300709113702)	(7, 0.021542369075906974)	(8, 0.02793070705558778)	(9, 0.036637931034482756)	(10, 0.060399086945946444)	(15, 0.08604996538627051)	(20, 0.10917684809250286)	(25, 0.14414209403708345)	(30, 0.17902010402828972)	(35, 0.20197859561808892)	(40, 0.22177016483619286)	(45, 0.24280782831590172)	(50, 0.2645744850038355)	(55, 0.28447200029936204)	(60, 0.3039686511871573)	(65, 0.32399830673377367)	(70, 0.34841618799932644)	(75, 0.37051915916702527)	(80, 0.3904290699197336)	(85, 0.40799296499335796)	(90, 0.4275922876868673)	(95, 0.4471934813927817)	(100, 0.46548683742773217)	(105, 0.48535161000617427)	(110, 0.5057383950455592)	(115, 0.5205158848953169)	(120, 0.534344069826183)	(125, 0.5468038430594795)	(130, 0.5619859393417779)	(135, 0.5775445768705447)	(140, 0.5856526091267985)
14340-YK-2_1 - polyg	(1, 0.0)	(2, 0.0)	(3, 0.00253054427750856)	(4, 0.0033385877598368476)	(5, 0.0036683536961850055)	(6, 0.003761904316425618)	(7, 0.0038858588882444292)	(8, 0.004021507287593317)	(9, 0.0041571556869422046)	(10, 0.004414186016053286)	(15, 0.004745355211705053)	(20, 0.0051235335940277285)	(25, 0.005513639680431081)	(30, 0.0059898123374557966)	(35, 0.006610520702752259)	(40, 0.0072770688719666216)	(45, 0.007968407955544746)	(50, 0.008687812225195053)	(55, 0.009501234868187176)	(60, 0.010260865904540947)	(65, 0.011367101988886187)	(70, 0.1391799352629708)	(75, 0.21425734840121988)	(80, 0.2178803300465882)	(85, 0.22077572174303514)	(90, 0.22282143993114673)	(95, 0.224575046307557)	(100, 0.2265412464684641)	(105, 0.22940950848504124)	(110, 0.2337439425973394)	(115, 0.24085285422942354)	(120, 0.25260561865025166)	(125, 0.2738715456433476)	(130, 0.3091094916459296)	(135, 0.36749443373809576)	(140, 0.41491921903942225)
14340-YK-2_2 - illumina_universal_adapter	(1, 0.0070923063969914124)	(2, 0.007206905906786162)	(3, 0.007583447153254626)	(4, 0.008052369637210694)	(5, 0.008559881752016016)	(6, 0.008962149419050647)	(7, 0.009353892641308212)	(8, 0.009729264505023668)	(9, 0.01001693266226355)	(10, 0.011112176548730517)	(15, 0.01261740602840197)	(20, 0.013704698112148483)	(25, 0.01463786554904859)	(30, 0.016261436563324416)	(35, 0.01882823170617621)	(40, 0.023493133384474337)	(45, 0.0310983310569349)	(50, 0.04495341179112018)	(55, 0.06933597769753214)	(60, 0.11130652796228038)	(65, 0.1791524781559302)	(70, 0.28102395831384364)	(75, 0.43239400714726733)	(80, 0.642004228488035)	(85, 0.9342615114038206)	(90, 1.3169551144124085)	(95, 1.8158413942784442)	(100, 2.4405712668624995)	(105, 3.2098218796190623)	(110, 4.131055063895073)	(115, 5.207833928938949)	(120, 6.453093017381704)	(125, 7.859197663105505)	(130, 9.427979119501561)	(135, 11.132481944730294)	(140, 12.224307491533668)
14340-YK-2_2 - polya	(1, 0.004785114225307314)	(2, 0.010254317361124103)	(3, 0.012538121877748049)	(4, 0.015455731846502143)	(5, 0.01753372499859674)	(6, 0.019259733942036037)	(7, 0.020734325593578684)	(8, 0.02417932718393923)	(9, 0.02848733324601942)	(10, 0.03942340075214699)	(15, 0.05443733979456285)	(20, 0.07125516867176829)	(25, 0.08532307706700096)	(30, 0.09781231874567328)	(35, 0.10989648623870377)	(40, 0.12241543023930249)	(45, 0.1360020206933972)	(50, 0.15103443598331054)	(55, 0.16657389563492805)	(60, 0.18203243400003744)	(65, 0.19901116994405674)	(70, 0.21782677231650047)	(75, 0.23494793907983613)	(80, 0.25070326678765886)	(85, 0.2688226186689618)	(90, 0.28885157258592625)	(95, 0.3076220367841039)	(100, 0.32687148015791345)	(105, 0.34248624805882466)	(110, 0.3593849982225382)	(115, 0.3798564465732408)	(120, 0.40796232716522907)	(125, 0.43107283851291933)	(130, 0.4453856156566318)	(135, 0.4598815181394652)	(140, 0.4681588770183546)
14340-YK-2_2 - polyg	(1, 0.4835280745411342)	(2, 0.48674387711190525)	(3, 0.48831435814919455)	(4, 0.4908636125507512)	(5, 0.49267147828690105)	(6, 0.4950020581136453)	(7, 0.4974916739947986)	(8, 0.5000292345688252)	(9, 0.5034695586281737)	(10, 0.5158687578348644)	(15, 0.5281715999027072)	(20, 0.5312325761969803)	(25, 0.5328070331356297)	(30, 0.5339069545531087)	(35, 0.5348183714708028)	(40, 0.5356694482384418)	(45, 0.5364246356203342)	(50, 0.5371300072969484)	(55, 0.5378126929481543)	(60, 0.5384876606731902)	(65, 0.5391857821767359)	(70, 0.5398074260482348)	(75, 0.5453961401014088)	(80, 0.5557393305517616)	(85, 0.5706281456396056)	(90, 0.5811967930847382)	(95, 0.5865130409564616)	(100, 0.589693995921193)	(105, 0.592594065148652)	(110, 0.5961705053604506)	(115, 0.6014947050348944)	(120, 0.6096719647501263)	(125, 0.6231636013246767)	(130, 0.646912127902408)	(135, 0.6868259677811664)	(140, 0.7219582015828765)
14340-YK-3_1 - illumina_universal_adapter	(1, 0.00715542350524908)	(2, 0.0073225160001294)	(3, 0.007791966342888395)	(4, 0.008462609689686958)	(5, 0.009129842985569597)	(6, 0.009672041081201656)	(7, 0.010182412034951748)	(8, 0.010617761868551494)	(9, 0.010954220225589418)	(10, 0.012264361787487764)	(15, 0.01382184570915453)	(20, 0.015054692783625246)	(25, 0.016004505632074194)	(30, 0.017568127645389623)	(35, 0.019824444668093265)	(40, 0.02385739821799378)	(45, 0.030324673448409216)	(50, 0.04176789497534226)	(55, 0.061310896774507864)	(60, 0.09515678879870113)	(65, 0.15508206821770482)	(70, 0.2406068271992845)	(75, 0.37102081442791635)	(80, 0.5586347683835446)	(85, 0.8273854278021406)	(90, 1.1908586628694764)	(95, 1.6783993257374525)	(100, 2.307616691999177)	(105, 3.100058191382197)	(110, 4.070908553278397)	(115, 5.23028312538805)	(120, 6.597108372304722)	(125, 8.167907178777806)	(130, 9.952528226525956)	(135, 11.923295769652244)	(140, 13.195636462474106)
14340-YK-3_1 - polya	(1, 0.0005524282483798336)	(2, 0.0014151711301088332)	(3, 0.002657566347144138)	(4, 0.007209984319903879)	(5, 0.010383605038991318)	(6, 0.01471436970221594)	(7, 0.02141625643564701)	(8, 0.02784874914672001)	(9, 0.0368365066774594)	(10, 0.06052272033947374)	(15, 0.08586962879754353)	(20, 0.10885587267488235)	(25, 0.1433451276385468)	(30, 0.17760409049702242)	(35, 0.20019181309065348)	(40, 0.21943132035830176)	(45, 0.23971884994077763)	(50, 0.260877079190453)	(55, 0.2805692138830084)	(60, 0.2999294369530804)	(65, 0.3198318581187845)	(70, 0.3440104831330584)	(75, 0.36559428673704114)	(80, 0.38539099632435164)	(85, 0.40268609255973953)	(90, 0.42202721934468235)	(95, 0.44123285343989915)	(100, 0.4595232298692816)	(105, 0.47896142943696446)	(110, 0.4988884029692631)	(115, 0.5135154753680314)	(120, 0.5275264652346559)	(125, 0.5398808523663241)	(130, 0.5546386433835362)	(135, 0.5696783319431313)	(140, 0.5774955326627976)
14340-YK-3_1 - polyg	(1, 0.0)	(2, 0.0)	(3, 0.005684554876846807)	(4, 0.0065029670966687825)	(5, 0.00699515111220061)	(6, 0.007094042588762432)	(7, 0.007257725032726827)	(8, 0.007500975331396136)	(9, 0.007631693949839924)	(10, 0.00798952195928431)	(15, 0.008345076601451413)	(20, 0.00871768149819814)	(25, 0.009064597344711567)	(30, 0.009425608068344148)	(35, 0.009969852194525763)	(40, 0.01058184266557042)	(45, 0.011432764037457544)	(50, 0.012115910904281168)	(55, 0.012811333954402118)	(60, 0.013491980117220729)	(65, 0.015252930410204346)	(70, 0.12850572273608024)	(75, 0.18933784836199224)	(80, 0.19592834009883647)	(85, 0.19969235429983437)	(90, 0.2031942492537615)	(95, 0.20656747161979444)	(100, 0.2086878412793165)	(105, 0.21146180403105755)	(110, 0.21555409246689514)	(115, 0.22192520426148152)	(120, 0.23225106577162985)	(125, 0.25033524778896277)	(130, 0.280310959360309)	(135, 0.32842950582474206)	(140, 0.368501468811231)
14340-YK-3_2 - illumina_universal_adapter	(1, 0.00715542350524908)	(2, 0.007324789367406683)	(3, 0.007791966342888395)	(4, 0.008462609689686958)	(5, 0.00913211635284688)	(6, 0.00967545113211758)	(7, 0.01019036882042224)	(8, 0.01062230860310606)	(9, 0.010958766960143983)	(10, 0.012262543093665939)	(15, 0.01381775364805542)	(20, 0.015042189263600186)	(25, 0.016033604733223416)	(30, 0.017687479427446993)	(35, 0.020118391057045992)	(40, 0.024348445549886966)	(45, 0.031023279212718358)	(50, 0.04263245655089309)	(55, 0.06225684489858543)	(60, 0.09614911361523527)	(65, 0.1519759665067527)	(70, 0.23758688610814144)	(75, 0.3677471655486284)	(80, 0.5548214221126299)	(85, 0.8230623925876588)	(90, 1.1860034323753825)	(95, 1.6729057337118973)	(100, 2.3006749650179925)	(105, 3.0895572805916975)	(110, 4.057048060325529)	(115, 5.212968250857349)	(120, 6.573664726931193)	(125, 8.135723572906764)	(130, 9.910288380503847)	(135, 11.866035104018943)	(140, 13.126796627950691)
14340-YK-3_2 - polya	(1, 0.004951393929922954)	(2, 0.010384741722629959)	(3, 0.012712669814568024)	(4, 0.015550968860256182)	(5, 0.01758108583887014)	(6, 0.019298614816857646)	(7, 0.02080585732169645)	(8, 0.02413065696472323)	(9, 0.02841254423148626)	(10, 0.03913078893369368)	(15, 0.0541316029128473)	(20, 0.07071058845589098)	(25, 0.08481615040125046)	(30, 0.09710415520842197)	(35, 0.10908548276988797)	(40, 0.12121935327565966)	(45, 0.1345026382768258)	(50, 0.14931112538432126)	(55, 0.1644606175834092)	(60, 0.17969922577976666)	(65, 0.196725382666252)	(70, 0.21571732023740414)	(75, 0.23304401627794627)	(80, 0.24897213676950375)	(85, 0.26704904401154933)	(90, 0.2870067080020914)	(95, 0.30552896789375683)	(100, 0.3252349701267036)	(105, 0.3410596524071447)	(110, 0.3580342038564357)	(115, 0.3793668003762786)	(120, 0.4087762161588536)	(125, 0.43231966235585456)	(130, 0.4462790467852848)	(135, 0.46035528229276734)	(140, 0.4684659747279308)
14340-YK-3_2 - polyg	(1, 0.44209150426052896)	(2, 0.44611309097404306)	(3, 0.44764079378437743)	(4, 0.4499141610616607)	(5, 0.45159190611229577)	(6, 0.453776612065765)	(7, 0.4560045119975026)	(8, 0.4584108712605069)	(9, 0.4614299030047391)	(10, 0.47264556046721606)	(15, 0.48401012348635514)	(20, 0.4868909345001285)	(25, 0.4884668326967412)	(30, 0.4896485290074731)	(35, 0.4905405983270791)	(40, 0.4914183454328381)	(45, 0.4921217252684295)	(50, 0.4927923686152281)	(55, 0.49346005658456626)	(60, 0.49412615319681025)	(65, 0.49478542970722234)	(70, 0.49539628349462833)	(75, 0.5012058735717257)	(80, 0.5114444377784265)	(85, 0.5242068943363669)	(90, 0.5339876023734227)	(95, 0.5410680047585215)	(100, 0.5446933435556051)	(105, 0.5478596894994052)	(110, 0.5515107173467221)	(115, 0.5568942783960567)	(120, 0.5649501826798377)	(125, 0.5777083198399513)	(130, 0.5987694763068866)	(135, 0.6332871483615172)	(140, 0.6637402670610929)
14340-YK-4_1 - illumina_universal_adapter	(1, 0.007172453883172791)	(2, 0.007320793533689209)	(3, 0.00770902621277515)	(4, 0.008238645121259552)	(5, 0.008787965389578167)	(6, 0.00919242271793934)	(7, 0.009687274520833957)	(8, 0.010074348296400236)	(9, 0.010439402905092987)	(10, 0.011652311328768645)	(15, 0.013179746167679895)	(20, 0.014407024994999332)	(25, 0.015376563679546488)	(30, 0.01697816834371595)	(35, 0.019430871752723365)	(40, 0.02417982659558416)	(45, 0.03225738412761104)	(50, 0.04745454954231423)	(55, 0.07404837216934919)	(60, 0.1191584598913922)	(65, 0.19175078567864118)	(70, 0.2997705602811779)	(75, 0.4604780291594032)	(80, 0.6816552294478312)	(85, 0.9879761442028286)	(90, 1.3875375687548486)	(95, 1.90728841376935)	(100, 2.5558921783978996)	(105, 3.3481408753847277)	(110, 4.2886124054131916)	(115, 5.383641103341049)	(120, 6.643248471464203)	(125, 8.051231647893589)	(130, 9.612722257414259)	(135, 11.301948371775321)	(140, 12.378060751113185)
14340-YK-4_1 - polya	(1, 0.000547002461279295)	(2, 0.0013848897059931305)	(3, 0.0025959438840373323)	(4, 0.007264007261225893)	(5, 0.010435926194534009)	(6, 0.014913929394498407)	(7, 0.022117673672702006)	(8, 0.02852756903993883)	(9, 0.03770376710860294)	(10, 0.061929486283565614)	(15, 0.08768333563955136)	(20, 0.11074319787373654)	(25, 0.14524421921540842)	(30, 0.18030058712370112)	(35, 0.2034649824553596)	(40, 0.22348480897677395)	(45, 0.2446885713338725)	(50, 0.2661961981938257)	(55, 0.28643158076989667)	(60, 0.3060323477786021)	(65, 0.3260994575636186)	(70, 0.3503142830454965)	(75, 0.3727198283524819)	(80, 0.39308338565782724)	(85, 0.41098612722952754)	(90, 0.43066569967756985)	(95, 0.4505844698120699)	(100, 0.4692951989176768)	(105, 0.4898821928216125)	(110, 0.510766097807285)	(115, 0.5260814713809936)	(120, 0.5409112643799645)	(125, 0.5537739345446656)	(130, 0.5695945900529457)	(135, 0.5858660590303733)	(140, 0.5943935029087319)
14340-YK-4_1 - polyg	(1, 0.0)	(2, 0.0)	(3, 0.0028775574393145966)	(4, 0.0035010475328914204)	(5, 0.003863784334544851)	(6, 0.003995899335786037)	(7, 0.004125696529987903)	(8, 0.004270559469945344)	(9, 0.004406151181745508)	(10, 0.00468382446505593)	(15, 0.005034276889400969)	(20, 0.005436184630018893)	(25, 0.005817463887986876)	(30, 0.006314169936512947)	(35, 0.0070053399956378866)	(40, 0.0077064766250319)	(45, 0.01113961241167127)	(50, 0.012548839091577252)	(55, 0.013354740599148485)	(60, 0.014215805914255508)	(65, 0.01725120601294773)	(70, 0.1726476518412775)	(75, 0.28115509304488684)	(80, 0.28610453819664877)	(85, 0.28941946582428285)	(90, 0.29188769854045377)	(95, 0.2940323653939356)	(100, 0.2965374512420317)	(105, 0.2999256215721083)	(110, 0.3050157576111568)	(115, 0.3132541709517124)	(120, 0.3270418779058057)	(125, 0.355050489949641)	(130, 0.39898011854655885)	(135, 0.4598271889427624)	(140, 0.5096278227702754)
14340-YK-4_2 - illumina_universal_adapter	(1, 0.007208379892282236)	(2, 0.007359037349837973)	(3, 0.007743793318364936)	(4, 0.008274571130368997)	(5, 0.008834321530364547)	(6, 0.009248050086882996)	(7, 0.009742901889777613)	(8, 0.010129975665343894)	(9, 0.010498506984595623)	(10, 0.011715587460942055)	(15, 0.013260174071944266)	(20, 0.014488611802783363)	(25, 0.015504738408820834)	(30, 0.017181208240360298)	(35, 0.019744702825847164)	(40, 0.024611170485601432)	(45, 0.03281388959775154)	(50, 0.04807873497800286)	(55, 0.07463871762226373)	(60, 0.11981764421337453)	(65, 0.1924755639398362)	(70, 0.3006886436494521)	(75, 0.46130085065836146)	(80, 0.6822914674801243)	(85, 0.9882579895388097)	(90, 1.387617301317001)	(95, 1.9074842684641724)	(100, 2.5556281801761207)	(105, 3.345976507171411)	(110, 4.285081458169493)	(115, 5.37900896597297)	(120, 6.6354198464081975)	(125, 8.038438280159363)	(130, 9.59422546189838)	(135, 11.273644471114677)	(140, 12.34281154165922)
14340-YK-4_2 - polya	(1, 0.004381814207832658)	(2, 0.009996701760583048)	(3, 0.012411856695553496)	(4, 0.015278984003191156)	(5, 0.01741600209344332)	(6, 0.019225050487631835)	(7, 0.020883441424264612)	(8, 0.02429757119318157)	(9, 0.028751237419233116)	(10, 0.039840785198855096)	(15, 0.05541668028378303)	(20, 0.07281437170161573)	(25, 0.08739268263682073)	(30, 0.10023402897676004)	(35, 0.11280256942817149)	(40, 0.12545594161722204)	(45, 0.13925732363284732)	(50, 0.15478616723487706)	(55, 0.17094313654456228)	(60, 0.18677097725466418)	(65, 0.20414409991788007)	(70, 0.22313180696468565)	(75, 0.24075363032322056)	(80, 0.25740568321650426)	(85, 0.2761354183398336)	(90, 0.2968531365607869)	(95, 0.3163509929369466)	(100, 0.33570190034681346)	(105, 0.3514722594423403)	(110, 0.368563304988871)	(115, 0.38906871208502275)	(120, 0.41585491269632113)	(125, 0.43815940161639233)	(130, 0.45258334660277855)	(135, 0.46750631544473037)	(140, 0.47617027815770496)
14340-YK-4_2 - polyg	(1, 0.5799431349220974)	(2, 0.5837849000897687)	(3, 0.5855383211150135)	(4, 0.5884124018437692)	(5, 0.5903628364673561)	(6, 0.593028314562573)	(7, 0.5958989185807697)	(8, 0.5989595827761904)	(9, 0.6029241917169457)	(10, 0.6183735345375269)	(15, 0.6343578272227828)	(20, 0.6382610142769961)	(25, 0.6402427392956138)	(30, 0.6415541545184605)	(35, 0.6426588213534)	(40, 0.6436582597487543)	(45, 0.6445925677663038)	(50, 0.6454334681601688)	(55, 0.6462164233780507)	(60, 0.6469636843675273)	(65, 0.6477137267254509)	(70, 0.6484148633548449)	(75, 0.6544636443853558)	(80, 0.669228307006522)	(85, 0.6932463506707618)	(90, 0.7087812205710937)	(95, 0.7160908886309942)	(100, 0.7200993041247926)	(105, 0.7235164470428608)	(110, 0.7272606325341766)	(115, 0.7328868773414198)	(120, 0.7417747402143926)	(125, 0.7567920438028446)	(130, 0.7829160469430095)	(135, 0.8259846102248203)	(140, 0.8641630642150758)
14340-YK-5_1 - illumina_universal_adapter	(1, 0.008292992778173018)	(2, 0.008465213312123724)	(3, 0.008870505635354386)	(4, 0.009389463510992515)	(5, 0.009979605873996936)	(6, 0.010472156601095956)	(7, 0.010945189001013897)	(8, 0.011395258663071743)	(9, 0.01171903326689907)	(10, 0.012996680001434713)	(15, 0.014615553020571354)	(20, 0.01600709493489306)	(25, 0.01717061686226403)	(30, 0.01918858226540911)	(35, 0.022224715465270765)	(40, 0.027983540493203785)	(45, 0.03742581830127452)	(50, 0.05443982929133271)	(55, 0.08418392289626991)	(60, 0.1352528222697408)	(65, 0.21804887728974665)	(70, 0.34024279053845186)	(75, 0.5182453418823301)	(80, 0.7594861251560147)	(85, 1.0862270554601097)	(90, 1.5031438054776873)	(95, 2.0332197795329168)	(100, 2.6804860862571367)	(105, 3.4576764823032837)	(110, 4.367381853384113)	(115, 5.412927433569144)	(120, 6.601994258672579)	(125, 7.9280397854233176)	(130, 9.399289725777606)	(135, 10.99705654441014)	(140, 12.017006938466798)
14340-YK-5_1 - polya	(1, 0.0005625870775723078)	(2, 0.0013157648793833971)	(3, 0.0024834200995691867)	(4, 0.006619009188172151)	(5, 0.009555943360478198)	(6, 0.013782235263628534)	(7, 0.020510317456636132)	(8, 0.026451925877935503)	(9, 0.03486776930366003)	(10, 0.05701027816739166)	(15, 0.08042721898235852)	(20, 0.10149736798802374)	(25, 0.13263874419174768)	(30, 0.16468324487550912)	(35, 0.18635915090592364)	(40, 0.20493003552289624)	(45, 0.2244313702779598)	(50, 0.24441538178284256)	(55, 0.2631187613972679)	(60, 0.2816880386225903)	(65, 0.30088305045460023)	(70, 0.3238462475694516)	(75, 0.34489687824793575)	(80, 0.36405951261956293)	(85, 0.3811706559907694)	(90, 0.40021135822435944)	(95, 0.41963370116118426)	(100, 0.4371965215860988)	(105, 0.456533443138084)	(110, 0.4762324870661231)	(115, 0.49072495981176434)	(120, 0.5047820590475782)	(125, 0.5173768911364612)	(130, 0.532278789498148)	(135, 0.5477774894168185)	(140, 0.5558681804744442)
14340-YK-5_1 - polyg	(1, 0.0)	(2, 0.0)	(3, 0.0071012266832341285)	(4, 0.008690248143152647)	(5, 0.009399796743029558)	(6, 0.009909569523523648)	(7, 0.010350454090437456)	(8, 0.010521526487495159)	(9, 0.010700635842803894)	(10, 0.011180786691458463)	(15, 0.011607893615656216)	(20, 0.012002163824714033)	(25, 0.01238908595765662)	(30, 0.012890592152521075)	(35, 0.01361093323919223)	(40, 0.014390977444299633)	(45, 0.016493904977527056)	(50, 0.017668908273828075)	(55, 0.01855733660163512)	(60, 0.01942257256420347)	(65, 0.02268948127955907)	(70, 0.21767688093641313)	(75, 0.3328710628032258)	(80, 0.3380723525559158)	(85, 0.3416435175479176)	(90, 0.3441418634270959)	(95, 0.34642550770728225)	(100, 0.34901593416527943)	(105, 0.35272234968327726)	(110, 0.35849655974557654)	(115, 0.36757166337526437)	(120, 0.38259250871906636)	(125, 0.41076273627107274)	(130, 0.4569410317351007)	(135, 0.5272412240664005)	(140, 0.5842788278918457)
14340-YK-5_2 - illumina_universal_adapter	(1, 0.008295289051959026)	(2, 0.008469805859695742)	(3, 0.008871653772247391)	(4, 0.009391759784778525)	(5, 0.009976161463317921)	(6, 0.010465267779737927)	(7, 0.010939448316548873)	(8, 0.011386073567927705)	(9, 0.011705255624183014)	(10, 0.012985657887261868)	(15, 0.014599479104069285)	(20, 0.01594027336772019)	(25, 0.017141224557803113)	(30, 0.019259307498018203)	(35, 0.02244722439513508)	(40, 0.028349566534693692)	(45, 0.03792617635924598)	(50, 0.0550235420877363)	(55, 0.08473870264296979)	(60, 0.13587649023002096)	(65, 0.21872467066496917)	(70, 0.3409587687049296)	(75, 0.5185119392688857)	(80, 0.7589830115695)	(85, 1.0847457292407552)	(90, 1.5002950482187642)	(95, 2.028972361910935)	(100, 2.6739440022407956)	(105, 3.4469457652738833)	(110, 4.352613598156772)	(115, 5.393889027609339)	(120, 6.576100556952023)	(125, 7.892968566262217)	(130, 9.354078391204867)	(135, 10.938087544703283)	(140, 11.947908615835095)
14340-YK-5_2 - polya	(1, 0.004645361869097055)	(2, 0.009648942448811579)	(3, 0.011722477677578086)	(4, 0.014420599376139152)	(5, 0.016420653843753356)	(6, 0.01810152625511225)	(7, 0.01949077189564795)	(8, 0.022591889643653672)	(9, 0.02657477652548701)	(10, 0.03668894404334409)	(15, 0.05098278910649553)	(20, 0.0673811690945246)	(25, 0.08092780666770857)	(30, 0.09270792081731546)	(35, 0.10426277050851487)	(40, 0.1161159061645169)	(45, 0.1290078760813096)	(50, 0.14350080808170804)	(55, 0.15856918629288044)	(60, 0.17348302527825443)	(65, 0.18968714050398708)	(70, 0.20752436564632964)	(75, 0.22380012461418586)	(80, 0.23946094146214864)	(85, 0.2567920678620547)	(90, 0.2759037249556326)	(95, 0.2940470433936501)	(100, 0.3125777432193676)	(105, 0.3275248781746387)	(110, 0.343743000670466)	(115, 0.36322711337213454)	(120, 0.3894133603730287)	(125, 0.41095263811317573)	(130, 0.4247406140612693)	(135, 0.43873295837631765)	(140, 0.4470420250709927)
14340-YK-5_2 - polyg	(1, 0.5685998704809734)	(2, 0.5725862017734857)	(3, 0.5742487039945565)	(4, 0.5766689765650105)	(5, 0.578515180688962)	(6, 0.5809101942477699)	(7, 0.583356873966763)	(8, 0.5861893276818055)	(9, 0.5902365102296471)	(10, 0.6061430283727128)	(15, 0.6221312938625607)	(20, 0.6258184206807561)	(25, 0.6278529192551605)	(30, 0.6293468749803381)	(35, 0.6306001812127421)	(40, 0.6317191554286644)	(45, 0.6326558055059778)	(50, 0.6334661605250604)	(55, 0.6342255382660937)	(60, 0.6350512783195427)	(65, 0.6358513001065884)	(70, 0.6365978187144201)	(75, 0.6432611459866623)	(80, 0.6556787057392655)	(85, 0.6728605743430809)	(90, 0.6861514070165035)	(95, 0.6935660750715277)	(100, 0.6981345117687935)	(105, 0.7022257827733265)	(110, 0.7069361291905676)	(115, 0.7139629566031351)	(120, 0.7245228308628565)	(125, 0.741753610098314)	(130, 0.7713408682036668)	(135, 0.8204852605170831)	(140, 0.8643151567801594)
14340-YK-6_1 - illumina_universal_adapter	(1, 0.009616141189342703)	(2, 0.009840214525911202)	(3, 0.010232682369961483)	(4, 0.010595273769135966)	(5, 0.011016260037840418)	(6, 0.011354407073025609)	(7, 0.011757739078848908)	(8, 0.01209045403314759)	(9, 0.012366132138137925)	(10, 0.013340647449177656)	(15, 0.014572371790193588)	(20, 0.015558837679183637)	(25, 0.016509723438367055)	(30, 0.018413667789088487)	(35, 0.021673459529082586)	(40, 0.028031981810785794)	(45, 0.03885757580950975)	(50, 0.059506816487441036)	(55, 0.09604951102716494)	(60, 0.15866320617764482)	(65, 0.25864418574642073)	(70, 0.4079927312239241)	(75, 0.6270096152992168)	(80, 0.9270853683832196)	(85, 1.3369206614438478)	(90, 1.8661460306847928)	(95, 2.5424392862430407)	(100, 3.372547615787724)	(105, 4.365387508490004)	(110, 5.520377731695022)	(115, 6.833066695116285)	(120, 8.304920788989106)	(125, 9.917516839382847)	(130, 11.667713473920838)	(135, 13.52678476245904)	(140, 14.693592749236704)
14340-YK-6_1 - polya	(1, 0.0005880227559646082)	(2, 0.0014041929091625977)	(3, 0.0026861639983787413)	(4, 0.0070141744447048526)	(5, 0.009893177314554667)	(6, 0.01443847099634114)	(7, 0.021525978533013867)	(8, 0.027685958258315164)	(9, 0.03634333717118902)	(10, 0.059364495968214505)	(15, 0.08412201942061262)	(20, 0.1066436983801236)	(25, 0.13959714547408664)	(30, 0.17341673786540351)	(35, 0.196484612558053)	(40, 0.21636249775010002)	(45, 0.2371130467365647)	(50, 0.2579931508521726)	(55, 0.2773669389379516)	(60, 0.296851269869771)	(65, 0.3166968341805433)	(70, 0.3410045813355385)	(75, 0.3629189536519377)	(80, 0.3833756270624423)	(85, 0.4016407274392847)	(90, 0.4218081425425827)	(95, 0.442054322818735)	(100, 0.4610524825112119)	(105, 0.4819100434911408)	(110, 0.5030305171859768)	(115, 0.5185181946055472)	(120, 0.5331690599645509)	(125, 0.5461731900028092)	(130, 0.5619055826663168)	(135, 0.5781331095026297)	(140, 0.5868236241089113)
14340-YK-6_1 - polyg	(1, 0.0)	(2, 0.0)	(3, 0.005706400971277791)	(4, 0.006757508622817298)	(5, 0.007406642288755133)	(6, 0.007818122415908197)	(7, 0.007963430579622314)	(8, 0.008057133974914596)	(9, 0.00828935543281286)	(10, 0.008694860270990762)	(15, 0.009095476236370807)	(20, 0.00951537608889796)	(25, 0.009963251157990632)	(30, 0.01047658280176574)	(35, 0.011194703894962242)	(40, 0.011960627299960022)	(45, 0.014180718758276284)	(50, 0.015255999169760759)	(55, 0.01608683594135232)	(60, 0.016916857900810912)	(65, 0.020097069655817652)	(70, 0.2603658837833998)	(75, 0.4032059815467323)	(80, 0.40867146973069346)	(85, 0.4121653841568961)	(90, 0.414419426120753)	(95, 0.41648416006571515)	(100, 0.41904158374708367)	(105, 0.4228687563356736)	(110, 0.4290599705260723)	(115, 0.4393792945861736)	(120, 0.4571842977119287)	(125, 0.4911011243511142)	(130, 0.5466971142043129)	(135, 0.6309562936673101)	(140, 0.6997334993956674)
14340-YK-6_2 - illumina_universal_adapter	(1, 0.00962700535111572)	(2, 0.009857868788792357)	(3, 0.010250336632842638)	(4, 0.010612928032017119)	(5, 0.011042062422051337)	(6, 0.0113788514370149)	(7, 0.011786257503503081)	(8, 0.012121688498245017)	(9, 0.01240415670434349)	(10, 0.013381388055826473)	(15, 0.01461474202110836)	(20, 0.015583282043172931)	(25, 0.01657164916047326)	(30, 0.01858097588039297)	(35, 0.022015409020888332)	(40, 0.028568399798328564)	(45, 0.03956700557328783)	(50, 0.06033276438623475)	(55, 0.09685427381050127)	(60, 0.15936475942413747)	(65, 0.2598090954925326)	(70, 0.4095376150280473)	(75, 0.6284923017771895)	(80, 0.9281698833322112)	(85, 1.3377960412787087)	(90, 1.866830472876493)	(95, 2.5430520249670385)	(100, 3.3723832953409065)	(105, 4.363451786466095)	(110, 5.516901199927656)	(115, 6.8292626088714625)	(120, 8.298643476316657)	(125, 9.905943791054138)	(130, 11.650267531341681)	(135, 13.499752283531373)	(140, 14.659426318480785)
14340-YK-6_2 - polya	(1, 0.004698749966830356)	(2, 0.010096880347798756)	(3, 0.012262922601294253)	(4, 0.014905629952580922)	(5, 0.016897845617708126)	(6, 0.01858858079363408)	(7, 0.01998462558146691)	(8, 0.0232357259920426)	(9, 0.027430650456649237)	(10, 0.03800202306988456)	(15, 0.052843826072049)	(20, 0.06976665926183508)	(25, 0.08363204572464951)	(30, 0.09590963494433732)	(35, 0.10780208962917166)	(40, 0.11993111143661346)	(45, 0.13348877051720714)	(50, 0.14857311593095424)	(55, 0.16435466892648476)	(60, 0.17995153117187393)	(65, 0.1971644374809996)	(70, 0.21631415223021006)	(75, 0.23401051373823503)	(80, 0.2503621636228047)	(85, 0.26848440027233195)	(90, 0.28841443344088946)	(95, 0.3073216057785173)	(100, 0.3257176193047246)	(105, 0.34086497685675515)	(110, 0.3564985056481283)	(115, 0.37548064070199)	(120, 0.4010429269377244)	(125, 0.42239100482170516)	(130, 0.4363908352864606)	(135, 0.45060903540285385)	(140, 0.45912219256819087)
14340-YK-6_2 - polyg	(1, 0.7591360199300875)	(2, 0.7633621788597915)	(3, 0.7654318016775515)	(4, 0.7688662348180468)	(5, 0.7712509183272244)	(6, 0.7745712777691031)	(7, 0.7781143525273286)	(8, 0.7817619948426194)	(9, 0.7871492610618148)	(10, 0.8077971437195245)	(15, 0.8291818881494892)	(20, 0.8340069339969307)	(25, 0.8362821610762452)	(30, 0.8378881557903416)	(35, 0.839172028107868)	(40, 0.8403624686341464)	(45, 0.841292712485961)	(50, 0.8421507096619851)	(55, 0.8429565588614988)	(60, 0.8437232970786296)	(65, 0.8445123068273951)	(70, 0.845251613036049)	(75, 0.8530018344408757)	(80, 0.8690941024631146)	(85, 0.8945963642050531)	(90, 0.9125260335871538)	(95, 0.9211880297687811)	(100, 0.9261665319012666)	(105, 0.9303837278975081)	(110, 0.9353022055361976)	(115, 0.9427772920441229)	(120, 0.9544766362534418)	(125, 0.9746842487552998)	(130, 1.0101687739383318)	(135, 1.0696250720735283)	(140, 1.121918899955818)
14340-YK-7_1 - illumina_universal_adapter	(1, 0.010958483243127603)	(2, 0.01119404720818452)	(3, 0.011719902120079255)	(4, 0.01231595033469297)	(5, 0.013011934776906589)	(6, 0.013549686858753693)	(7, 0.014136217337405513)	(8, 0.014588309795595555)	(9, 0.015010659328904675)	(10, 0.016503992101326102)	(15, 0.018384220840598587)	(20, 0.01983044082000863)	(25, 0.021031817041798913)	(30, 0.023135712576175943)	(35, 0.02648976272914797)	(40, 0.03269223331211632)	(45, 0.04266087201520677)	(50, 0.0607360043804428)	(55, 0.09152445255678095)	(60, 0.14286359622204417)	(65, 0.2222857716164767)	(70, 0.33749082713325207)	(75, 0.5038810769361071)	(80, 0.7287097496582031)	(85, 1.0332813454766476)	(90, 1.4224946430910284)	(95, 1.9176734160937752)	(100, 2.5264958600287484)	(105, 3.2600667933294902)	(110, 4.1209338759696)	(115, 5.115127783397935)	(120, 6.251256593961832)	(125, 7.521529326946282)	(130, 8.932435888560303)	(135, 10.467406376381033)	(140, 11.450123083956317)
14340-YK-7_1 - polya	(1, 0.0006341191584612976)	(2, 0.001439557564236717)	(3, 0.0026209465405070144)	(4, 0.007050262913774202)	(5, 0.010162562573314078)	(6, 0.014552618285738447)	(7, 0.02136136864947955)	(8, 0.027643074384330675)	(9, 0.036105531371451144)	(10, 0.059238388626838515)	(15, 0.08418746784715463)	(20, 0.10649489945124661)	(25, 0.1392256795940086)	(30, 0.1724087901383597)	(35, 0.19504006270855517)	(40, 0.21418237121851874)	(45, 0.23455746447894685)	(50, 0.2552630611206518)	(55, 0.2748517514472283)	(60, 0.2943940428109905)	(65, 0.31419045772493537)	(70, 0.3380145405545554)	(75, 0.36000312800392387)	(80, 0.3801378984313141)	(85, 0.3979727079635123)	(90, 0.41798707903098453)	(95, 0.4381482611756691)	(100, 0.4567744704530988)	(105, 0.47741796386765245)	(110, 0.49847286141915886)	(115, 0.5141723668883057)	(120, 0.5289924335545735)	(125, 0.5421361889745523)	(130, 0.5580791105409247)	(135, 0.5746970775303945)	(140, 0.583556186163727)
14340-YK-7_1 - polyg	(1, 0.0)	(2, 0.0)	(3, 0.002443678708216708)	(4, 0.0029671541861209685)	(5, 0.003284808623849236)	(6, 0.003389503719430088)	(7, 0.003498957682991888)	(8, 0.003633395703453664)	(9, 0.003790438346824942)	(10, 0.00404242040641613)	(15, 0.004333187240052041)	(20, 0.00474197399961546)	(25, 0.005153854023366494)	(30, 0.0056623390671307686)	(35, 0.006382355792648174)	(40, 0.007119980329695087)	(45, 0.007929463773254312)	(50, 0.008708252518336424)	(55, 0.009535105830026109)	(60, 0.010341020122599624)	(65, 0.012196264804972132)	(70, 0.21711097857399403)	(75, 0.33857608697630726)	(80, 0.34369472537661466)	(85, 0.34737856508066645)	(90, 0.34997167224348485)	(95, 0.35210721424993524)	(100, 0.35465130507254994)	(105, 0.3583275305878321)	(110, 0.36404412074994574)	(115, 0.37338244738895965)	(120, 0.38866888311736025)	(125, 0.4157965720993543)	(130, 0.45915033529258703)	(135, 0.5276963558599623)	(140, 0.582506855773928)
14340-YK-7_2 - illumina_universal_adapter	(1, 0.010960862677118077)	(2, 0.011201185510155942)	(3, 0.011727040422050677)	(4, 0.012320709202673917)	(5, 0.01301907307887801)	(6, 0.013556825160725115)	(7, 0.014144545356372171)	(8, 0.014593068663576503)	(9, 0.015015418196885623)	(10, 0.01651779281847085)	(15, 0.01840563574651285)	(20, 0.019818067763258167)	(25, 0.021068936212050304)	(30, 0.023250639237915833)	(35, 0.02674840720391249)	(40, 0.033090312618722605)	(45, 0.0431600772664082)	(50, 0.06127042525470324)	(55, 0.09199177339251001)	(60, 0.14328975284973805)	(65, 0.22272929811230102)	(70, 0.3379034209872003)	(75, 0.5038741765775347)	(80, 0.7281341645759076)	(85, 1.031981698631051)	(90, 1.4204752174633133)	(95, 1.9149844177411406)	(100, 2.5225745528124475)	(105, 3.25346743315691)	(110, 4.111979827920048)	(115, 5.103429058240371)	(120, 6.234477301347807)	(125, 7.497748787758688)	(130, 8.900945983243574)	(135, 10.424836636687662)	(140, 11.399423294204295)
14340-YK-7_2 - polya	(1, 0.004942084398214316)	(2, 0.009982915307033298)	(3, 0.012167235710288351)	(4, 0.014871462440461952)	(5, 0.01687613557743622)	(6, 0.018595276635553624)	(7, 0.020081233162604583)	(8, 0.02325301867190631)	(9, 0.02731590221064051)	(10, 0.037771848994980026)	(15, 0.05238704639466794)	(20, 0.06896099385531397)	(25, 0.0825846811111714)	(30, 0.09434836481667537)	(35, 0.10614678825844029)	(40, 0.11816435757072781)	(45, 0.13134523216095803)	(50, 0.14635160850867987)	(55, 0.16176581984236893)	(60, 0.17670961707614127)	(65, 0.1931438917615465)	(70, 0.2115914055462917)	(75, 0.22826481334773954)	(80, 0.24399739294935402)	(85, 0.26163827861132855)	(90, 0.2815110733563676)	(95, 0.300486821486998)	(100, 0.3191551467460592)	(105, 0.33421244298117714)	(110, 0.3502964649831846)	(115, 0.3694915969277367)	(120, 0.39548382000947657)	(125, 0.4172687279092605)	(130, 0.43182301179879223)	(135, 0.4467672849193627)	(140, 0.45568540351565895)
14340-YK-7_2 - polyg	(1, 0.6297802605796684)	(2, 0.6334148460001173)	(3, 0.6351327973412395)	(4, 0.6381273150182509)	(5, 0.6402723747606631)	(6, 0.6430265696046367)	(7, 0.6459068744501054)	(8, 0.6489953797697405)	(9, 0.653145112649127)	(10, 0.6709780186341329)	(15, 0.6901726746918868)	(20, 0.6944399516104027)	(25, 0.6969033796207403)	(30, 0.6998093823533061)	(35, 0.7010921352175707)	(40, 0.702017497096466)	(45, 0.7028890837671764)	(50, 0.7036997569277311)	(55, 0.7045194719374492)	(60, 0.7052797010974057)	(65, 0.7060561104084974)	(70, 0.7068301402855984)	(75, 0.7154129966326369)	(80, 0.7314889285590767)	(85, 0.7546403453995898)	(90, 0.7708895001205363)	(95, 0.7790414409718999)	(100, 0.7837584309146153)	(105, 0.7879885886628799)	(110, 0.7929868277032693)	(115, 0.8004977490375993)	(120, 0.8116965551137648)	(125, 0.8301074256150567)	(130, 0.8609705880186956)	(135, 0.9107547715711842)	(140, 0.9534546663038347)
14340-YK-8_1 - illumina_universal_adapter	(1, 0.008087345086174012)	(2, 0.008250333806720706)	(3, 0.008722483671796443)	(4, 0.009405484024563539)	(5, 0.010169978737603981)	(6, 0.010722329401678886)	(7, 0.01138980701915582)	(8, 0.011882653864618438)	(9, 0.01227072224687247)	(10, 0.013740466566595905)	(15, 0.015547571666625511)	(20, 0.01696014057803018)	(25, 0.018113738522344)	(30, 0.020011392911566214)	(35, 0.02289370614269432)	(40, 0.02801853719874106)	(45, 0.03626085092556185)	(50, 0.0504160332366599)	(55, 0.0742705966938152)	(60, 0.11361529769702242)	(65, 0.17871661465493935)	(70, 0.26973339689203535)	(75, 0.4037235782186686)	(80, 0.588741647264649)	(85, 0.8451503281836098)	(90, 1.1824831675662586)	(95, 1.6259214053125501)	(100, 2.1859656544217683)	(105, 2.8734448337445846)	(110, 3.6981488737162485)	(115, 4.658514376180787)	(120, 5.769984393053871)	(125, 7.040351596163417)	(130, 8.481936121796968)	(135, 10.075099898826693)	(140, 11.103588477385632)
14340-YK-8_1 - polya	(1, 0.0006390192694449715)	(2, 0.0014733662912911388)	(3, 0.002813495771341727)	(4, 0.007603553169630653)	(5, 0.01066799982816332)	(6, 0.015082924456940016)	(7, 0.022083678072802742)	(8, 0.028727408776991755)	(9, 0.03804751775745941)	(10, 0.06210594647142549)	(15, 0.08782375558790982)	(20, 0.11094823306191788)	(25, 0.14564801424179916)	(30, 0.18034520829913211)	(35, 0.2034238937040342)	(40, 0.223123538348523)	(45, 0.2444450501185788)	(50, 0.2662477666826296)	(55, 0.2864754430392387)	(60, 0.30624726840282684)	(65, 0.3265310853187354)	(70, 0.35132115228937777)	(75, 0.3741038708747474)	(80, 0.3948091300537838)	(85, 0.41312880353097725)	(90, 0.4332506665753585)	(95, 0.45378336468041935)	(100, 0.4730230189358096)	(105, 0.4940656388951522)	(110, 0.5153550703456083)	(115, 0.5308571086553828)	(120, 0.5458174035035306)	(125, 0.559282341518726)	(130, 0.5754549619930354)	(135, 0.5921776047211261)	(140, 0.600891550888513)
14340-YK-8_1 - polyg	(1, 0.0)	(2, 0.0)	(3, 0.0073448409147946325)	(4, 0.008942389088407061)	(5, 0.009265779406952087)	(6, 0.00954389508090081)	(7, 0.009741809955850366)	(8, 0.00992290853423558)	(9, 0.010132465460652757)	(10, 0.010494662617423186)	(15, 0.01089566661241902)	(20, 0.011265883849089364)	(25, 0.011717854158287893)	(30, 0.012273568081675667)	(35, 0.013022540059425946)	(40, 0.013902161725868417)	(45, 0.01476729550604007)	(50, 0.015710819099427037)	(55, 0.01668383588986531)	(60, 0.017682465193532355)	(65, 0.01916048830541054)	(70, 0.19829751037445842)	(75, 0.30621725778126585)	(80, 0.3129453286805314)	(85, 0.3169100939858934)	(90, 0.32024567108749424)	(95, 0.32314738773773505)	(100, 0.3256033431728934)	(105, 0.32900954872006444)	(110, 0.334047969882996)	(115, 0.34198577928587476)	(120, 0.3544582970915193)	(125, 0.37574565884393685)	(130, 0.40928925495695595)	(135, 0.46357329511566914)	(140, 0.5066982995865403)
14340-YK-8_2 - illumina_universal_adapter	(1, 0.008105454944012533)	(2, 0.008272324348381767)	(3, 0.008740593529634966)	(4, 0.00943006168877296)	(5, 0.010199730646910123)	(6, 0.010745613504614126)	(7, 0.01141438468336524)	(8, 0.01190593796755368)	(9, 0.012296593472356072)	(10, 0.013757800287669916)	(15, 0.015579134561715505)	(20, 0.016981354982926737)	(25, 0.018167550671349893)	(30, 0.02016377442966463)	(35, 0.023171821816643044)	(40, 0.028472835918233113)	(45, 0.03686675502638781)	(50, 0.05121881736341607)	(55, 0.07518126383083798)	(60, 0.11458676221393164)	(65, 0.17727869194256077)	(70, 0.2684967523139192)	(75, 0.40251435713956507)	(80, 0.5872863908311963)	(85, 0.8431923938390108)	(90, 1.1801164678590188)	(95, 1.6232452857485264)	(100, 2.1821390414604886)	(105, 2.8675376568299136)	(110, 3.6901016290295745)	(115, 4.648473753570601)	(120, 5.756500827756327)	(125, 7.020967321757572)	(130, 8.456623973496068)	(135, 10.039877001467534)	(140, 11.060730205249497)
14340-YK-8_2 - polya	(1, 0.0050849893688019905)	(2, 0.010689990369824383)	(3, 0.012920090006510883)	(4, 0.015820254383222675)	(5, 0.017910649402297724)	(6, 0.01974103860526257)	(7, 0.02120405640636027)	(8, 0.024631993782937546)	(9, 0.028966717612715076)	(10, 0.04010738473046381)	(15, 0.05573205264903045)	(20, 0.07327041511661914)	(25, 0.08821234139467352)	(30, 0.10075703991941734)	(35, 0.11287589807270107)	(40, 0.12522371657151468)	(45, 0.13879498532344783)	(50, 0.15399458900731888)	(55, 0.16960451032735985)	(60, 0.18466647909165818)	(65, 0.20120310770852176)	(70, 0.21980115557191882)	(75, 0.23660063583969584)	(80, 0.25234974435283863)	(85, 0.2701794168193727)	(90, 0.28972642123350817)	(95, 0.30838500776453687)	(100, 0.32669045206771435)	(105, 0.34215187255347945)	(110, 0.35853689578900916)	(115, 0.3778893485875081)	(120, 0.40379498280100334)	(125, 0.4252652541175899)	(130, 0.4394641587997552)	(135, 0.45392099959999205)	(140, 0.4624947237252578)
14340-YK-8_2 - polyg	(1, 0.5996096316658005)	(2, 0.6033894177089547)	(3, 0.6052340360859356)	(4, 0.6082027592101789)	(5, 0.6104044004988335)	(6, 0.613173915186853)	(7, 0.6162448296517566)	(8, 0.6192989278200959)	(9, 0.6237837047576783)	(10, 0.640048685506964)	(15, 0.6561276521450228)	(20, 0.6601128557185167)	(25, 0.6622148927890595)	(30, 0.6637304291778888)	(35, 0.6650433938711817)	(40, 0.6662634808649883)	(45, 0.6673521420333384)	(50, 0.6683383531487734)	(55, 0.6692632494598121)	(60, 0.6701366620321385)	(65, 0.6709958454304489)	(70, 0.6717978534204405)	(75, 0.6782904961678053)	(80, 0.6905731191784001)	(85, 0.7102471513096603)	(90, 0.7236616404351628)	(95, 0.7314941539503234)	(100, 0.736212030629513)	(105, 0.7399330889908196)	(110, 0.7441413025279823)	(115, 0.7501894776215388)	(120, 0.7591869724202257)	(125, 0.7735553336293088)	(130, 0.7972088776644565)	(135, 0.8350344203072666)	(140, 0.868195639707638)
14340-YK-9_1 - illumina_universal_adapter	(1, 0.0049770447566252)	(2, 0.005093342536114181)	(3, 0.005486003856109234)	(4, 0.005988710386803538)	(5, 0.006540186954057738)	(6, 0.0069841193381285785)	(7, 0.007431803263473257)	(8, 0.007816961500920634)	(9, 0.008138343536712764)	(10, 0.009297569790328735)	(15, 0.01073541050921508)	(20, 0.011794095456692189)	(25, 0.012639942962566883)	(30, 0.013941477681837112)	(35, 0.015940298872538047)	(40, 0.019995714989557024)	(45, 0.027047862276117867)	(50, 0.040373586983542355)	(55, 0.06418061780456728)	(60, 0.10514044563783473)	(65, 0.17123610021132057)	(70, 0.2693341525699064)	(75, 0.4142331825251257)	(80, 0.6152312600728101)	(85, 0.8905116055617501)	(90, 1.2507473539160145)	(95, 1.71898722441381)	(100, 2.3004583645633514)	(105, 3.0102309657643973)	(110, 3.8541339227454863)	(115, 4.836000310277473)	(120, 5.964206569716586)	(125, 7.234752057448402)	(130, 8.651181979976698)	(135, 10.193037932221477)	(140, 11.18129744628959)
14340-YK-9_1 - polya	(1, 0.00041767159515397406)	(2, 0.0012530147854619223)	(3, 0.002533540873598657)	(4, 0.007411795043346121)	(5, 0.010718153419355425)	(6, 0.015029924856753337)	(7, 0.02172892705807022)	(8, 0.028317884048687854)	(9, 0.037584190995067934)	(10, 0.06199471975567763)	(15, 0.08840181878222395)	(20, 0.11188146510141861)	(25, 0.14718071735796756)	(30, 0.18248097002552285)	(35, 0.20597112066028425)	(40, 0.22591431407200754)	(45, 0.24696221133750038)	(50, 0.2688299454227026)	(55, 0.28903974836762)	(60, 0.3086400509069145)	(65, 0.32900866909909104)	(70, 0.35384112120163164)	(75, 0.37607475561240894)	(80, 0.3962560468436451)	(85, 0.41406461327055455)	(90, 0.43408033648023875)	(95, 0.45423511681980644)	(100, 0.47287827612876904)	(105, 0.49334443439406533)	(110, 0.5142232621994839)	(115, 0.5290498535191952)	(120, 0.5435830743112924)	(125, 0.5563500694716665)	(130, 0.5719337218204383)	(135, 0.5879207899075236)	(140, 0.596458797641276)
14340-YK-9_1 - polyg	(1, 0.0)	(2, 0.0)	(3, 0.002287189663283289)	(4, 0.002932454762383441)	(5, 0.0030550051106621517)	(6, 0.0032901016971560054)	(7, 0.0035464570175349416)	(8, 0.003694017640972573)	(9, 0.0037815536040287953)	(10, 0.004008396799720205)	(15, 0.004259499962315768)	(20, 0.004545617510133821)	(25, 0.004811476735073145)	(30, 0.005097594282891196)	(35, 0.005551530777025606)	(40, 0.0060589892600001055)	(45, 0.006550191064121307)	(50, 0.0070456446150195225)	(55, 0.007608625908846825)	(60, 0.008184862648508356)	(65, 0.008997196385670097)	(70, 0.08496140533136282)	(75, 0.13967763481029136)	(80, 0.14327211155613143)	(85, 0.14588818633775452)	(90, 0.1477361955692472)	(95, 0.14929433571164794)	(100, 0.15089349270530933)	(105, 0.15310490123486106)	(110, 0.15661984530569578)	(115, 0.1629224346457438)	(120, 0.17371862012359504)	(125, 0.19373784477180142)	(130, 0.22715607423364795)	(135, 0.2822447067096928)	(140, 0.3270481136293832)
14340-YK-9_2 - illumina_universal_adapter	(1, 0.004973293215351362)	(2, 0.005092092022356234)	(3, 0.005479751287319504)	(4, 0.005986209359287647)	(5, 0.0065451890090895215)	(6, 0.0069878708794024165)	(7, 0.007426801208441473)	(8, 0.007809458418372959)	(9, 0.008137093022954818)	(10, 0.009297069584825556)	(15, 0.010739912358743687)	(20, 0.011783090935622263)	(25, 0.012656699846923362)	(30, 0.014009755733020966)	(35, 0.016120622956433864)	(40, 0.02029808921622837)	(45, 0.02745778068597257)	(50, 0.04083727748498874)	(55, 0.06461204505105866)	(60, 0.10563639939423612)	(65, 0.17196339901294197)	(70, 0.270290295389232)	(75, 0.41501275280182925)	(80, 0.6157872384895929)	(85, 0.8904588338811648)	(90, 1.250054319191361)	(95, 1.717886021998563)	(100, 2.29829572607036)	(105, 3.006001478132272)	(110, 3.8478443387485206)	(115, 4.827540334602217)	(120, 5.952279169493297)	(125, 7.216572088435382)	(130, 8.62617220502328)	(135, 10.157149187779435)	(140, 11.137345639239062)
14340-YK-9_2 - polya	(1, 0.004190471602877147)	(2, 0.00994783694446067)	(3, 0.012117478314497032)	(4, 0.014942388893697114)	(5, 0.017053256117110012)	(6, 0.01880647640575035)	(7, 0.02046840919006062)	(8, 0.023806030410018577)	(9, 0.028351647920152396)	(10, 0.039745078768798674)	(15, 0.0552016789197632)	(20, 0.07260232775883062)	(25, 0.08706927132175665)	(30, 0.09974222784753331)	(35, 0.11173515499173892)	(40, 0.1241159915036594)	(45, 0.13775684567808627)	(50, 0.15300110859295155)	(55, 0.16872156714684272)	(60, 0.18418992212713192)	(65, 0.20102984059713633)	(70, 0.2195762101412339)	(75, 0.2368060388009659)	(80, 0.2529741812802017)	(85, 0.27081751198958204)	(90, 0.290485092169054)	(95, 0.309212035899799)	(100, 0.3282205953288334)	(105, 0.343847015248127)	(110, 0.360371804251129)	(115, 0.38044680181293977)	(120, 0.40768399187201076)	(125, 0.4305441336755189)	(130, 0.4448640168205105)	(135, 0.4598079063307172)	(140, 0.4685850122949887)
14340-YK-9_2 - polyg	(1, 0.5086227112831468)	(2, 0.5126693738038601)	(3, 0.5144125899824369)	(4, 0.5174375827629084)	(5, 0.5195121850873409)	(6, 0.5222245494283257)	(7, 0.5250669672001371)	(8, 0.5279093849719484)	(9, 0.5312395031093587)	(10, 0.5419791653653508)	(15, 0.5516153742813313)	(20, 0.5542599607766355)	(25, 0.5556110158407205)	(30, 0.5564936284510787)	(35, 0.55717840978493)	(40, 0.557739140153993)	(45, 0.558253601514012)	(50, 0.5587222940704902)	(55, 0.5592067431003185)	(60, 0.5596541769229115)	(65, 0.5601256206096572)	(70, 0.5605735546377535)	(75, 0.5645264286266208)	(80, 0.5722941198854784)	(85, 0.5814553836761911)	(90, 0.5879598059367716)	(95, 0.5916455701869416)	(100, 0.5940708165691022)	(105, 0.5963359971902455)	(110, 0.5991584067419298)	(115, 0.6037467918225854)	(120, 0.6112191117318161)	(125, 0.6241324170018699)	(130, 0.6471006031940647)	(135, 0.6857389772870812)	(140, 0.7201371093296542)
