Sample	0	1	2	3	4	5	6	7	8	9	10	11	12	13	14	15	16	17	18	19	20	21	22	23	24	25	26	27	28	29	30	31	32	33	34	35	36	37	38	39	40	41	42	43	44	45	46	47	48	49	50	51	52	53	54	55	56	57	58	59	60	61	62	63	64	65	66	67	68	69	70	71	72	73	74	75	76	77	78	79	80	81	82	83	84	85	86	87	88	89	90	91	92	93	94	95	96	97	98	99	100
14340-YK-1_1	(0.0, 2501.0)	(1.0, 1648.5)	(2.0, 623.0)	(3.0, 439.0)	(4.0, 432.5)	(5.0, 457.5)	(6.0, 476.0)	(7.0, 495.5)	(8.0, 537.0)	(9.0, 609.5)	(10.0, 726.5)	(11.0, 843.0)	(12.0, 970.0)	(13.0, 1180.0)	(14.0, 1572.5)	(15.0, 2257.5)	(16.0, 3576.5)	(17.0, 5611.5)	(18.0, 8731.5)	(19.0, 14444.5)	(20.0, 24666.0)	(21.0, 40757.5)	(22.0, 63530.0)	(23.0, 94318.0)	(24.0, 134756.5)	(25.0, 185814.5)	(26.0, 250369.0)	(27.0, 333735.5)	(28.0, 435940.0)	(29.0, 545862.5)	(30.0, 664251.0)	(31.0, 789325.0)	(32.0, 901010.0)	(33.0, 1014020.0)	(34.0, 1151080.5)	(35.0, 1289634.5)	(36.0, 1429479.5)	(37.0, 1593563.5)	(38.0, 1762934.0)	(39.0, 1904914.5)	(40.0, 2033007.5)	(41.0, 2162109.0)	(42.0, 2295582.5)	(43.0, 2409013.5)	(44.0, 2448214.5)	(45.0, 2481924.0)	(46.0, 2568340.5)	(47.0, 2615781.5)	(48.0, 2612033.0)	(49.0, 2607787.0)	(50.0, 2583500.0)	(51.0, 2576437.5)	(52.0, 2552498.0)	(53.0, 2494282.0)	(54.0, 2462727.0)	(55.0, 2422663.5)	(56.0, 2326923.0)	(57.0, 2230191.5)	(58.0, 2168624.5)	(59.0, 2098126.0)	(60.0, 1980221.5)	(61.0, 1856994.0)	(62.0, 1735588.5)	(63.0, 1607028.5)	(64.0, 1455200.0)	(65.0, 1262856.0)	(66.0, 1098674.0)	(67.0, 974395.0)	(68.0, 864646.5)	(69.0, 734319.5)	(70.0, 599022.5)	(71.0, 492223.5)	(72.0, 418686.5)	(73.0, 350771.5)	(74.0, 285488.5)	(75.0, 246736.5)	(76.0, 232493.0)	(77.0, 209932.5)	(78.0, 180132.0)	(79.0, 150459.5)	(80.0, 123310.5)	(81.0, 105679.0)	(82.0, 85318.0)	(83.0, 66233.0)	(84.0, 53012.0)	(85.0, 45230.5)	(86.0, 39427.5)	(87.0, 29053.5)	(88.0, 18738.5)	(89.0, 15025.0)	(90.0, 12098.0)	(91.0, 7632.5)	(92.0, 3792.0)	(93.0, 2162.0)	(94.0, 1115.5)	(95.0, 560.5)	(96.0, 366.0)	(97.0, 459.5)	(98.0, 1438.0)	(99.0, 2004.0)	(100.0, 914.5)
14340-YK-1_2	(0.0, 3292.0)	(1.0, 2017.5)	(2.0, 653.0)	(3.0, 535.0)	(4.0, 486.0)	(5.0, 469.0)	(6.0, 476.0)	(7.0, 500.0)	(8.0, 528.0)	(9.0, 622.5)	(10.0, 725.5)	(11.0, 817.0)	(12.0, 947.5)	(13.0, 1137.5)	(14.0, 1512.5)	(15.0, 2182.0)	(16.0, 3304.5)	(17.0, 5196.5)	(18.0, 8633.0)	(19.0, 14467.5)	(20.0, 23984.5)	(21.0, 39870.5)	(22.0, 62043.5)	(23.0, 93275.5)	(24.0, 134216.0)	(25.0, 187588.0)	(26.0, 254928.0)	(27.0, 333832.0)	(28.0, 423839.0)	(29.0, 523051.0)	(30.0, 624438.0)	(31.0, 728168.0)	(32.0, 833116.5)	(33.0, 949455.0)	(34.0, 1078452.5)	(35.0, 1210396.5)	(36.0, 1359041.0)	(37.0, 1520594.5)	(38.0, 1670745.0)	(39.0, 1798939.5)	(40.0, 1912146.0)	(41.0, 2012697.0)	(42.0, 2107192.0)	(43.0, 2196027.5)	(44.0, 2262859.0)	(45.0, 2349571.5)	(46.0, 2437737.0)	(47.0, 2481669.0)	(48.0, 2508414.0)	(49.0, 2513476.0)	(50.0, 2492215.0)	(51.0, 2487666.5)	(52.0, 2520886.5)	(53.0, 2538601.0)	(54.0, 2495302.5)	(55.0, 2443069.5)	(56.0, 2360562.0)	(57.0, 2217269.0)	(58.0, 2124369.0)	(59.0, 2090408.5)	(60.0, 2013377.5)	(61.0, 1918925.5)	(62.0, 1799671.5)	(63.0, 1644192.0)	(64.0, 1500636.0)	(65.0, 1356845.5)	(66.0, 1225559.0)	(67.0, 1103992.5)	(68.0, 973111.0)	(69.0, 840558.5)	(70.0, 732126.5)	(71.0, 638867.5)	(72.0, 547140.0)	(73.0, 471862.5)	(74.0, 417568.0)	(75.0, 354969.0)	(76.0, 301185.0)	(77.0, 272389.5)	(78.0, 245418.0)	(79.0, 221521.0)	(80.0, 192309.5)	(81.0, 158689.5)	(82.0, 131508.5)	(83.0, 105629.0)	(84.0, 85170.5)	(85.0, 67730.5)	(86.0, 52365.0)	(87.0, 38987.5)	(88.0, 28881.5)	(89.0, 23718.0)	(90.0, 19977.0)	(91.0, 16341.5)	(92.0, 11803.5)	(93.0, 7042.5)	(94.0, 4452.5)	(95.0, 3536.5)	(96.0, 3693.0)	(97.0, 4929.5)	(98.0, 8869.5)	(99.0, 22322.0)	(100.0, 115612.0)
14340-YK-2_1	(0.0, 1748.0)	(1.0, 1183.5)	(2.0, 485.0)	(3.0, 329.5)	(4.0, 331.0)	(5.0, 384.0)	(6.0, 429.0)	(7.0, 474.5)	(8.0, 533.5)	(9.0, 619.5)	(10.0, 733.0)	(11.0, 829.5)	(12.0, 930.5)	(13.0, 1144.5)	(14.0, 1547.0)	(15.0, 2213.0)	(16.0, 3532.5)	(17.0, 5727.5)	(18.0, 9301.5)	(19.0, 15447.5)	(20.0, 26239.0)	(21.0, 42827.0)	(22.0, 67253.0)	(23.0, 100216.0)	(24.0, 143086.5)	(25.0, 197782.0)	(26.0, 265812.5)	(27.0, 353808.5)	(28.0, 462059.5)	(29.0, 577064.0)	(30.0, 702640.0)	(31.0, 838256.0)	(32.0, 960231.5)	(33.0, 1084011.0)	(34.0, 1234819.0)	(35.0, 1391051.0)	(36.0, 1547934.5)	(37.0, 1727198.5)	(38.0, 1917571.5)	(39.0, 2084155.0)	(40.0, 2230460.5)	(41.0, 2372690.5)	(42.0, 2522662.0)	(43.0, 2648439.0)	(44.0, 2687546.5)	(45.0, 2720982.5)	(46.0, 2804343.5)	(47.0, 2840603.5)	(48.0, 2830109.0)	(49.0, 2823002.0)	(50.0, 2793718.0)	(51.0, 2779002.5)	(52.0, 2742330.5)	(53.0, 2666710.0)	(54.0, 2624971.0)	(55.0, 2575558.5)	(56.0, 2465787.5)	(57.0, 2364422.0)	(58.0, 2303355.5)	(59.0, 2223015.0)	(60.0, 2085774.5)	(61.0, 1947129.5)	(62.0, 1813123.5)	(63.0, 1676297.0)	(64.0, 1516533.0)	(65.0, 1313344.0)	(66.0, 1140968.5)	(67.0, 1009048.5)	(68.0, 891102.0)	(69.0, 752448.0)	(70.0, 610512.0)	(71.0, 499107.5)	(72.0, 423759.5)	(73.0, 354565.5)	(74.0, 288166.0)	(75.0, 249239.0)	(76.0, 233054.5)	(77.0, 209252.5)	(78.0, 176989.0)	(79.0, 145565.5)	(80.0, 119198.5)	(81.0, 101821.5)	(82.0, 82110.5)	(83.0, 63276.5)	(84.0, 50300.5)	(85.0, 42616.5)	(86.0, 36554.0)	(87.0, 26628.0)	(88.0, 17137.5)	(89.0, 13780.5)	(90.0, 11291.5)	(91.0, 7052.5)	(92.0, 3307.0)	(93.0, 1818.5)	(94.0, 933.5)	(95.0, 497.5)	(96.0, 313.0)	(97.0, 348.5)	(98.0, 1051.5)	(99.0, 1421.0)	(100.0, 636.0)
14340-YK-2_2	(0.0, 2456.0)	(1.0, 1530.5)	(2.0, 563.0)	(3.0, 479.0)	(4.0, 423.5)	(5.0, 423.0)	(6.0, 455.0)	(7.0, 497.0)	(8.0, 543.0)	(9.0, 609.0)	(10.0, 681.5)	(11.0, 769.5)	(12.0, 880.5)	(13.0, 1113.5)	(14.0, 1546.0)	(15.0, 2348.5)	(16.0, 3747.5)	(17.0, 5726.5)	(18.0, 9481.5)	(19.0, 15917.0)	(20.0, 26580.5)	(21.0, 43477.0)	(22.0, 67112.5)	(23.0, 100807.5)	(24.0, 143940.5)	(25.0, 200588.0)	(26.0, 272091.5)	(27.0, 356260.0)	(28.0, 450830.5)	(29.0, 553994.0)	(30.0, 663134.0)	(31.0, 775699.0)	(32.0, 890740.5)	(33.0, 1019538.5)	(34.0, 1163657.0)	(35.0, 1308358.5)	(36.0, 1474027.5)	(37.0, 1658057.0)	(38.0, 1824541.0)	(39.0, 1967070.0)	(40.0, 2095776.5)	(41.0, 2207405.0)	(42.0, 2307183.5)	(43.0, 2404677.0)	(44.0, 2472882.5)	(45.0, 2559120.0)	(46.0, 2647825.0)	(47.0, 2681708.0)	(48.0, 2697437.0)	(49.0, 2695938.0)	(50.0, 2671263.0)	(51.0, 2663157.0)	(52.0, 2692639.5)	(53.0, 2704105.0)	(54.0, 2655392.0)	(55.0, 2600170.0)	(56.0, 2503431.0)	(57.0, 2344334.0)	(58.0, 2248128.5)	(59.0, 2208891.0)	(60.0, 2119851.5)	(61.0, 2017360.0)	(62.0, 1889206.5)	(63.0, 1724347.5)	(64.0, 1575420.5)	(65.0, 1424983.5)	(66.0, 1286017.0)	(67.0, 1156372.5)	(68.0, 1015924.5)	(69.0, 878065.5)	(70.0, 765653.0)	(71.0, 668022.5)	(72.0, 575049.0)	(73.0, 495759.5)	(74.0, 439743.0)	(75.0, 375945.0)	(76.0, 317650.5)	(77.0, 285532.5)	(78.0, 257810.0)	(79.0, 231831.0)	(80.0, 199413.5)	(81.0, 162322.0)	(82.0, 132244.5)	(83.0, 106036.0)	(84.0, 85150.5)	(85.0, 67450.5)	(86.0, 52231.0)	(87.0, 38544.0)	(88.0, 28215.5)	(89.0, 22977.0)	(90.0, 19238.5)	(91.0, 16136.5)	(92.0, 11779.0)	(93.0, 6806.0)	(94.0, 4273.5)	(95.0, 3452.0)	(96.0, 3648.0)	(97.0, 4904.0)	(98.0, 9049.0)	(99.0, 23309.0)	(100.0, 115189.5)
14340-YK-3_1	(0.0, 1919.0)	(1.0, 1319.5)	(2.0, 555.5)	(3.0, 380.5)	(4.0, 379.0)	(5.0, 416.0)	(6.0, 461.5)	(7.0, 493.0)	(8.0, 535.0)	(9.0, 617.5)	(10.0, 714.0)	(11.0, 860.5)	(12.0, 1012.5)	(13.0, 1201.0)	(14.0, 1546.5)	(15.0, 2166.5)	(16.0, 3555.0)	(17.0, 5870.5)	(18.0, 9492.5)	(19.0, 15627.0)	(20.0, 26724.0)	(21.0, 44179.5)	(22.0, 69228.5)	(23.0, 102819.0)	(24.0, 146717.5)	(25.0, 202771.5)	(26.0, 272462.5)	(27.0, 362907.0)	(28.0, 473937.5)	(29.0, 591668.5)	(30.0, 719900.5)	(31.0, 856198.0)	(32.0, 977959.5)	(33.0, 1105716.5)	(34.0, 1260588.0)	(35.0, 1415615.0)	(36.0, 1572753.5)	(37.0, 1753958.5)	(38.0, 1947410.0)	(39.0, 2117726.5)	(40.0, 2264905.5)	(41.0, 2407962.0)	(42.0, 2555343.5)	(43.0, 2682721.0)	(44.0, 2729930.0)	(45.0, 2765494.0)	(46.0, 2854381.5)	(47.0, 2901196.0)	(48.0, 2892084.5)	(49.0, 2883377.0)	(50.0, 2852316.0)	(51.0, 2839563.0)	(52.0, 2811406.5)	(53.0, 2741514.5)	(54.0, 2701478.0)	(55.0, 2651780.0)	(56.0, 2544403.5)	(57.0, 2441915.5)	(58.0, 2375339.0)	(59.0, 2296817.5)	(60.0, 2163911.5)	(61.0, 2025040.0)	(62.0, 1886798.0)	(63.0, 1746318.0)	(64.0, 1580668.0)	(65.0, 1372692.5)	(66.0, 1199427.5)	(67.0, 1062177.0)	(68.0, 939728.0)	(69.0, 798350.0)	(70.0, 650947.0)	(71.0, 534957.0)	(72.0, 457363.0)	(73.0, 385164.5)	(74.0, 315934.5)	(75.0, 274102.5)	(76.0, 255892.0)	(77.0, 229774.5)	(78.0, 193908.0)	(79.0, 159515.5)	(80.0, 131698.5)	(81.0, 113006.5)	(82.0, 90859.5)	(83.0, 70066.5)	(84.0, 55563.0)	(85.0, 46818.0)	(86.0, 40233.5)	(87.0, 29331.0)	(88.0, 18710.5)	(89.0, 14630.0)	(90.0, 11818.5)	(91.0, 7462.0)	(92.0, 3643.5)	(93.0, 2018.5)	(94.0, 1017.5)	(95.0, 545.5)	(96.0, 366.0)	(97.0, 447.5)	(98.0, 1825.5)	(99.0, 2778.5)	(100.0, 1322.5)
14340-YK-3_2	(0.0, 2562.0)	(1.0, 1633.0)	(2.0, 628.0)	(3.0, 507.0)	(4.0, 457.5)	(5.0, 460.0)	(6.0, 475.5)	(7.0, 511.5)	(8.0, 563.0)	(9.0, 629.5)	(10.0, 718.0)	(11.0, 851.5)	(12.0, 1000.5)	(13.0, 1195.0)	(14.0, 1578.5)	(15.0, 2298.0)	(16.0, 3608.5)	(17.0, 5703.0)	(18.0, 9390.0)	(19.0, 16019.0)	(20.0, 26987.0)	(21.0, 44518.0)	(22.0, 68821.5)	(23.0, 103529.0)	(24.0, 148422.5)	(25.0, 207062.5)	(26.0, 280381.5)	(27.0, 365764.0)	(28.0, 462765.0)	(29.0, 569805.0)	(30.0, 681853.0)	(31.0, 796069.5)	(32.0, 911774.0)	(33.0, 1041173.5)	(34.0, 1186928.0)	(35.0, 1334721.0)	(36.0, 1499409.5)	(37.0, 1680448.0)	(38.0, 1847781.5)	(39.0, 1995872.5)	(40.0, 2127499.0)	(41.0, 2239854.0)	(42.0, 2344234.5)	(43.0, 2440292.5)	(44.0, 2511519.0)	(45.0, 2605185.0)	(46.0, 2694642.0)	(47.0, 2734417.0)	(48.0, 2757694.5)	(49.0, 2756272.0)	(50.0, 2731552.0)	(51.0, 2724592.5)	(52.0, 2759118.5)	(53.0, 2782341.5)	(54.0, 2735223.5)	(55.0, 2674883.5)	(56.0, 2580389.0)	(57.0, 2419972.5)	(58.0, 2319811.0)	(59.0, 2283073.5)	(60.0, 2197541.5)	(61.0, 2096240.5)	(62.0, 1967243.0)	(63.0, 1798215.5)	(64.0, 1643159.5)	(65.0, 1489057.0)	(66.0, 1348111.5)	(67.0, 1216194.0)	(68.0, 1072098.0)	(69.0, 926402.0)	(70.0, 805687.0)	(71.0, 703475.0)	(72.0, 606800.0)	(73.0, 524870.5)	(74.0, 466486.0)	(75.0, 398393.5)	(76.0, 338054.0)	(77.0, 304357.0)	(78.0, 274225.5)	(79.0, 245740.5)	(80.0, 211203.5)	(81.0, 173125.0)	(82.0, 141829.0)	(83.0, 114150.0)	(84.0, 91919.5)	(85.0, 72953.0)	(86.0, 56257.0)	(87.0, 41519.0)	(88.0, 30598.0)	(89.0, 25008.0)	(90.0, 20987.5)	(91.0, 17234.0)	(92.0, 12489.5)	(93.0, 7301.0)	(94.0, 4518.5)	(95.0, 3582.5)	(96.0, 3820.0)	(97.0, 5118.0)	(98.0, 9085.5)	(99.0, 22831.5)	(100.0, 112487.5)
14340-YK-4_1	(0.0, 2314.0)	(1.0, 1563.0)	(2.0, 599.5)	(3.0, 391.0)	(4.0, 394.5)	(5.0, 428.0)	(6.0, 499.0)	(7.0, 559.0)	(8.0, 608.5)	(9.0, 683.5)	(10.0, 780.5)	(11.0, 898.5)	(12.0, 1048.5)	(13.0, 1298.5)	(14.0, 1715.5)	(15.0, 2392.5)	(16.0, 3771.5)	(17.0, 6020.5)	(18.0, 9561.5)	(19.0, 15724.0)	(20.0, 26801.0)	(21.0, 44131.0)	(22.0, 68857.0)	(23.0, 102339.0)	(24.0, 145688.0)	(25.0, 200553.0)	(26.0, 270229.0)	(27.0, 360796.0)	(28.0, 473386.0)	(29.0, 592790.0)	(30.0, 722339.5)	(31.0, 862316.0)	(32.0, 987363.0)	(33.0, 1115147.0)	(34.0, 1268798.5)	(35.0, 1425910.0)	(36.0, 1586800.5)	(37.0, 1767821.5)	(38.0, 1957975.0)	(39.0, 2123290.5)	(40.0, 2270241.5)	(41.0, 2413681.0)	(42.0, 2555423.0)	(43.0, 2676807.5)	(44.0, 2714723.0)	(45.0, 2747062.0)	(46.0, 2829539.5)	(47.0, 2846565.0)	(48.0, 2824299.5)	(49.0, 2824933.5)	(50.0, 2804369.5)	(51.0, 2785722.0)	(52.0, 2741224.0)	(53.0, 2671165.5)	(54.0, 2636883.5)	(55.0, 2593743.5)	(56.0, 2485473.5)	(57.0, 2374387.0)	(58.0, 2297383.5)	(59.0, 2210732.5)	(60.0, 2090084.5)	(61.0, 1961467.0)	(62.0, 1825836.0)	(63.0, 1690348.0)	(64.0, 1537787.0)	(65.0, 1344170.5)	(66.0, 1168857.0)	(67.0, 1026320.5)	(68.0, 895991.0)	(69.0, 756803.5)	(70.0, 617337.0)	(71.0, 502520.5)	(72.0, 421393.0)	(73.0, 349897.5)	(74.0, 285566.0)	(75.0, 244326.5)	(76.0, 222399.5)	(77.0, 196987.0)	(78.0, 166859.5)	(79.0, 138032.5)	(80.0, 112703.5)	(81.0, 94197.0)	(82.0, 75543.0)	(83.0, 58981.5)	(84.0, 46685.0)	(85.0, 38562.5)	(86.0, 32046.0)	(87.0, 23224.5)	(88.0, 14829.0)	(89.0, 11114.5)	(90.0, 8588.0)	(91.0, 5268.5)	(92.0, 2617.5)	(93.0, 1480.5)	(94.0, 729.0)	(95.0, 369.5)	(96.0, 252.5)	(97.0, 317.0)	(98.0, 1087.0)	(99.0, 1502.5)	(100.0, 653.5)
14340-YK-4_2	(0.0, 2905.0)	(1.0, 1794.5)	(2.0, 606.5)	(3.0, 502.5)	(4.0, 448.0)	(5.0, 420.5)	(6.0, 436.0)	(7.0, 470.5)	(8.0, 514.0)	(9.0, 588.5)	(10.0, 684.0)	(11.0, 820.0)	(12.0, 949.0)	(13.0, 1174.5)	(14.0, 1608.0)	(15.0, 2313.0)	(16.0, 3683.0)	(17.0, 5797.5)	(18.0, 9493.0)	(19.0, 16144.5)	(20.0, 26699.0)	(21.0, 43814.5)	(22.0, 68158.0)	(23.0, 101672.0)	(24.0, 145371.0)	(25.0, 202964.0)	(26.0, 276293.0)	(27.0, 362612.0)	(28.0, 458922.5)	(29.0, 564587.0)	(30.0, 676891.0)	(31.0, 794450.5)	(32.0, 913128.5)	(33.0, 1043678.0)	(34.0, 1190754.5)	(35.0, 1340834.0)	(36.0, 1507391.0)	(37.0, 1690460.5)	(38.0, 1858437.0)	(39.0, 2004998.0)	(40.0, 2136967.0)	(41.0, 2249216.5)	(42.0, 2349712.0)	(43.0, 2443954.0)	(44.0, 2508794.5)	(45.0, 2585148.0)	(46.0, 2666411.0)	(47.0, 2697013.0)	(48.0, 2705355.5)	(49.0, 2700882.5)	(50.0, 2678592.5)	(51.0, 2668654.5)	(52.0, 2694999.0)	(53.0, 2713461.0)	(54.0, 2663083.5)	(55.0, 2594815.5)	(56.0, 2492955.0)	(57.0, 2344622.5)	(58.0, 2255153.5)	(59.0, 2213607.0)	(60.0, 2132861.0)	(61.0, 2033541.5)	(62.0, 1911433.0)	(63.0, 1752870.0)	(64.0, 1600216.0)	(65.0, 1448115.0)	(66.0, 1302444.5)	(67.0, 1169449.0)	(68.0, 1031167.0)	(69.0, 891415.5)	(70.0, 772285.0)	(71.0, 667818.0)	(72.0, 572825.0)	(73.0, 492558.0)	(74.0, 433643.5)	(75.0, 371211.0)	(76.0, 315141.0)	(77.0, 279884.5)	(78.0, 249932.0)	(79.0, 223385.5)	(80.0, 190947.0)	(81.0, 154896.0)	(82.0, 125744.5)	(83.0, 100822.5)	(84.0, 80368.5)	(85.0, 62251.0)	(86.0, 46466.5)	(87.0, 33716.0)	(88.0, 24441.0)	(89.0, 19038.5)	(90.0, 15359.0)	(91.0, 12326.0)	(92.0, 8871.0)	(93.0, 5632.0)	(94.0, 4090.5)	(95.0, 3712.5)	(96.0, 4283.0)	(97.0, 5863.0)	(98.0, 10894.5)	(99.0, 28386.0)	(100.0, 134683.0)
14340-YK-5_1	(0.0, 2114.0)	(1.0, 1420.5)	(2.0, 552.5)	(3.0, 346.5)	(4.0, 350.5)	(5.0, 399.5)	(6.0, 438.0)	(7.0, 497.5)	(8.0, 549.0)	(9.0, 612.0)	(10.0, 718.5)	(11.0, 835.5)	(12.0, 955.5)	(13.0, 1117.5)	(14.0, 1440.0)	(15.0, 2074.0)	(16.0, 3322.5)	(17.0, 5403.5)	(18.0, 8660.5)	(19.0, 14313.0)	(20.0, 24654.5)	(21.0, 40993.0)	(22.0, 63714.0)	(23.0, 94500.0)	(24.0, 135797.5)	(25.0, 188246.0)	(26.0, 253900.5)	(27.0, 340075.5)	(28.0, 448929.0)	(29.0, 566652.5)	(30.0, 696095.5)	(31.0, 833864.5)	(32.0, 958097.0)	(33.0, 1087146.0)	(34.0, 1241035.5)	(35.0, 1400333.0)	(36.0, 1562732.5)	(37.0, 1746486.0)	(38.0, 1939417.0)	(39.0, 2111039.5)	(40.0, 2267991.0)	(41.0, 2417978.5)	(42.0, 2567370.0)	(43.0, 2695018.5)	(44.0, 2739137.5)	(45.0, 2774949.0)	(46.0, 2860746.0)	(47.0, 2886379.5)	(48.0, 2869755.5)	(49.0, 2873579.5)	(50.0, 2854754.5)	(51.0, 2840235.5)	(52.0, 2798541.5)	(53.0, 2729903.0)	(54.0, 2697907.5)	(55.0, 2651880.0)	(56.0, 2542636.0)	(57.0, 2430833.0)	(58.0, 2351251.0)	(59.0, 2262736.5)	(60.0, 2137882.0)	(61.0, 2004100.5)	(62.0, 1865004.0)	(63.0, 1724622.0)	(64.0, 1567154.0)	(65.0, 1370800.0)	(66.0, 1191230.0)	(67.0, 1043745.0)	(68.0, 909234.0)	(69.0, 767266.0)	(70.0, 626889.5)	(71.0, 511403.5)	(72.0, 429559.5)	(73.0, 355493.5)	(74.0, 289426.0)	(75.0, 249210.0)	(76.0, 227947.5)	(77.0, 202671.0)	(78.0, 172968.5)	(79.0, 143978.5)	(80.0, 117340.5)	(81.0, 97197.0)	(82.0, 77316.5)	(83.0, 60642.5)	(84.0, 48986.0)	(85.0, 41358.5)	(86.0, 34414.5)	(87.0, 24568.0)	(88.0, 15929.5)	(89.0, 12527.5)	(90.0, 9854.0)	(91.0, 6221.5)	(92.0, 3140.5)	(93.0, 1785.0)	(94.0, 956.5)	(95.0, 513.5)	(96.0, 382.5)	(97.0, 638.5)	(98.0, 2673.5)	(99.0, 3722.0)	(100.0, 1573.0)
14340-YK-5_2	(0.0, 2781.0)	(1.0, 1717.5)	(2.0, 575.0)	(3.0, 459.5)	(4.0, 408.0)	(5.0, 426.5)	(6.0, 468.0)	(7.0, 491.5)	(8.0, 518.5)	(9.0, 557.0)	(10.0, 648.5)	(11.0, 764.0)	(12.0, 902.5)	(13.0, 1136.5)	(14.0, 1506.0)	(15.0, 2193.5)	(16.0, 3459.0)	(17.0, 5381.0)	(18.0, 8764.0)	(19.0, 14658.5)	(20.0, 24269.5)	(21.0, 39843.0)	(22.0, 62122.0)	(23.0, 93129.0)	(24.0, 133641.5)	(25.0, 187973.0)	(26.0, 256868.0)	(27.0, 339033.0)	(28.0, 433322.5)	(29.0, 538007.0)	(30.0, 648730.5)	(31.0, 764218.0)	(32.0, 881535.0)	(33.0, 1012291.5)	(34.0, 1158249.0)	(35.0, 1308091.0)	(36.0, 1475454.0)	(37.0, 1657921.5)	(38.0, 1829649.5)	(39.0, 1980692.0)	(40.0, 2116810.5)	(41.0, 2234616.5)	(42.0, 2341775.0)	(43.0, 2441417.0)	(44.0, 2514256.0)	(45.0, 2603849.0)	(46.0, 2697230.0)	(47.0, 2734912.0)	(48.0, 2745674.5)	(49.0, 2746673.5)	(50.0, 2732679.5)	(51.0, 2725975.5)	(52.0, 2755616.5)	(53.0, 2776455.5)	(54.0, 2727529.0)	(55.0, 2665046.0)	(56.0, 2562423.5)	(57.0, 2407862.0)	(58.0, 2317128.0)	(59.0, 2275139.5)	(60.0, 2190168.5)	(61.0, 2089059.5)	(62.0, 1960002.0)	(63.0, 1795306.5)	(64.0, 1639524.5)	(65.0, 1483121.5)	(66.0, 1336019.0)	(67.0, 1198126.5)	(68.0, 1056567.5)	(69.0, 912238.0)	(70.0, 786894.0)	(71.0, 682295.0)	(72.0, 588217.0)	(73.0, 507913.5)	(74.0, 447654.0)	(75.0, 381232.5)	(76.0, 322986.0)	(77.0, 288432.5)	(78.0, 258703.0)	(79.0, 232768.0)	(80.0, 199133.0)	(81.0, 160219.0)	(82.0, 130295.0)	(83.0, 105153.0)	(84.0, 84654.5)	(85.0, 65950.0)	(86.0, 49434.5)	(87.0, 35935.5)	(88.0, 26343.0)	(89.0, 21145.0)	(90.0, 17208.5)	(91.0, 13695.5)	(92.0, 9803.5)	(93.0, 6104.0)	(94.0, 4179.5)	(95.0, 3556.5)	(96.0, 4017.0)	(97.0, 5501.0)	(98.0, 9646.5)	(99.0, 23736.0)	(100.0, 118027.5)
14340-YK-6_1	(0.0, 2195.0)	(1.0, 1482.5)	(2.0, 597.0)	(3.0, 396.0)	(4.0, 361.5)	(5.0, 386.0)	(6.0, 429.5)	(7.0, 478.5)	(8.0, 545.0)	(9.0, 606.0)	(10.0, 709.0)	(11.0, 816.5)	(12.0, 903.0)	(13.0, 1081.5)	(14.0, 1410.5)	(15.0, 1958.5)	(16.0, 3029.0)	(17.0, 4751.5)	(18.0, 7476.0)	(19.0, 12221.5)	(20.0, 20861.5)	(21.0, 34634.0)	(22.0, 54097.0)	(23.0, 80591.0)	(24.0, 115605.0)	(25.0, 160410.0)	(26.0, 217419.5)	(27.0, 291675.5)	(28.0, 384773.5)	(29.0, 484760.0)	(30.0, 595120.0)	(31.0, 716379.5)	(32.0, 826476.5)	(33.0, 936932.0)	(34.0, 1069204.0)	(35.0, 1205908.5)	(36.0, 1345226.5)	(37.0, 1503816.5)	(38.0, 1665967.5)	(39.0, 1808543.5)	(40.0, 1941272.0)	(41.0, 2067460.5)	(42.0, 2193499.5)	(43.0, 2303596.5)	(44.0, 2334431.0)	(45.0, 2358726.5)	(46.0, 2429064.0)	(47.0, 2441001.0)	(48.0, 2420712.0)	(49.0, 2422502.5)	(50.0, 2408459.5)	(51.0, 2388822.0)	(52.0, 2345789.5)	(53.0, 2290447.0)	(54.0, 2259200.5)	(55.0, 2219661.0)	(56.0, 2126076.0)	(57.0, 2023397.0)	(58.0, 1951900.5)	(59.0, 1880891.5)	(60.0, 1783035.5)	(61.0, 1672813.5)	(62.0, 1557038.0)	(63.0, 1443009.5)	(64.0, 1316726.0)	(65.0, 1155007.0)	(66.0, 1003178.5)	(67.0, 877750.0)	(68.0, 762505.5)	(69.0, 644101.5)	(70.0, 530507.0)	(71.0, 434873.0)	(72.0, 362996.5)	(73.0, 300193.0)	(74.0, 247436.0)	(75.0, 213382.0)	(76.0, 193300.0)	(77.0, 171548.5)	(78.0, 146532.0)	(79.0, 122561.0)	(80.0, 100243.5)	(81.0, 82071.5)	(82.0, 65839.5)	(83.0, 52057.5)	(84.0, 41391.5)	(85.0, 34527.5)	(86.0, 28589.5)	(87.0, 20514.5)	(88.0, 13502.5)	(89.0, 10409.0)	(90.0, 7982.5)	(91.0, 5020.0)	(92.0, 2615.0)	(93.0, 1528.5)	(94.0, 876.0)	(95.0, 495.5)	(96.0, 349.5)	(97.0, 491.5)	(98.0, 1797.5)	(99.0, 2417.0)	(100.0, 998.5)
14340-YK-6_2	(0.0, 2648.0)	(1.0, 1639.0)	(2.0, 550.0)	(3.0, 433.5)	(4.0, 378.5)	(5.0, 364.0)	(6.0, 389.0)	(7.0, 423.5)	(8.0, 462.0)	(9.0, 531.0)	(10.0, 613.0)	(11.0, 721.0)	(12.0, 816.5)	(13.0, 985.0)	(14.0, 1339.5)	(15.0, 1915.0)	(16.0, 2934.5)	(17.0, 4589.0)	(18.0, 7512.0)	(19.0, 12620.0)	(20.0, 20676.5)	(21.0, 33582.5)	(22.0, 52172.0)	(23.0, 78623.0)	(24.0, 113759.5)	(25.0, 160058.5)	(26.0, 218845.5)	(27.0, 290060.0)	(28.0, 371821.0)	(29.0, 462727.0)	(30.0, 559574.0)	(31.0, 660965.0)	(32.0, 764817.0)	(33.0, 877546.0)	(34.0, 1002595.5)	(35.0, 1131584.5)	(36.0, 1275833.0)	(37.0, 1433724.0)	(38.0, 1580900.5)	(39.0, 1710497.5)	(40.0, 1824941.5)	(41.0, 1922309.5)	(42.0, 2014354.0)	(43.0, 2099710.5)	(44.0, 2155457.0)	(45.0, 2220044.0)	(46.0, 2288075.5)	(47.0, 2309883.0)	(48.0, 2310814.5)	(49.0, 2310083.0)	(50.0, 2297868.0)	(51.0, 2285696.0)	(52.0, 2302877.0)	(53.0, 2316351.5)	(54.0, 2275274.0)	(55.0, 2217909.0)	(56.0, 2125224.0)	(57.0, 2000331.0)	(58.0, 1923547.0)	(59.0, 1885328.0)	(60.0, 1821427.5)	(61.0, 1737246.5)	(62.0, 1632519.0)	(63.0, 1501431.5)	(64.0, 1371882.5)	(65.0, 1241624.5)	(66.0, 1115338.0)	(67.0, 998185.5)	(68.0, 882572.5)	(69.0, 766479.0)	(70.0, 662827.5)	(71.0, 573193.5)	(72.0, 494408.5)	(73.0, 425915.0)	(74.0, 374808.0)	(75.0, 322170.5)	(76.0, 273752.0)	(77.0, 243085.0)	(78.0, 218015.0)	(79.0, 196887.5)	(80.0, 168176.0)	(81.0, 134038.0)	(82.0, 108844.5)	(83.0, 88057.5)	(84.0, 70468.0)	(85.0, 54755.0)	(86.0, 40976.5)	(87.0, 29765.5)	(88.0, 21729.5)	(89.0, 17077.5)	(90.0, 13683.5)	(91.0, 10848.0)	(92.0, 7799.0)	(93.0, 5177.5)	(94.0, 3987.5)	(95.0, 3743.5)	(96.0, 4300.5)	(97.0, 5874.5)	(98.0, 10856.5)	(99.0, 28349.0)	(100.0, 140718.5)
14340-YK-7_1	(0.0, 2456.0)	(1.0, 1655.5)	(2.0, 656.0)	(3.0, 446.5)	(4.0, 438.0)	(5.0, 451.0)	(6.0, 478.0)	(7.0, 538.0)	(8.0, 612.0)	(9.0, 662.5)	(10.0, 728.0)	(11.0, 837.0)	(12.0, 981.5)	(13.0, 1210.5)	(14.0, 1561.5)	(15.0, 2157.5)	(16.0, 3431.0)	(17.0, 5528.0)	(18.0, 8834.5)	(19.0, 14711.0)	(20.0, 24973.0)	(21.0, 41224.5)	(22.0, 64235.0)	(23.0, 95320.5)	(24.0, 137281.5)	(25.0, 190410.0)	(26.0, 256641.5)	(27.0, 343310.5)	(28.0, 450962.5)	(29.0, 567139.0)	(30.0, 693834.0)	(31.0, 829988.5)	(32.0, 953994.0)	(33.0, 1080994.0)	(34.0, 1231759.0)	(35.0, 1387266.0)	(36.0, 1545581.0)	(37.0, 1724672.5)	(38.0, 1910181.0)	(39.0, 2075104.0)	(40.0, 2225337.5)	(41.0, 2367593.5)	(42.0, 2512617.5)	(43.0, 2635418.5)	(44.0, 2669222.5)	(45.0, 2698620.0)	(46.0, 2779268.0)	(47.0, 2794965.0)	(48.0, 2774080.5)	(49.0, 2774340.5)	(50.0, 2753076.5)	(51.0, 2732705.5)	(52.0, 2684292.5)	(53.0, 2615135.5)	(54.0, 2578579.0)	(55.0, 2530308.5)	(56.0, 2421468.5)	(57.0, 2308258.5)	(58.0, 2231394.5)	(59.0, 2144479.0)	(60.0, 2019786.0)	(61.0, 1890685.0)	(62.0, 1756711.0)	(63.0, 1622869.0)	(64.0, 1475817.0)	(65.0, 1289098.5)	(66.0, 1119960.5)	(67.0, 982477.5)	(68.0, 854668.0)	(69.0, 720194.5)	(70.0, 590313.0)	(71.0, 482720.5)	(72.0, 404548.0)	(73.0, 335608.5)	(74.0, 272983.0)	(75.0, 234055.0)	(76.0, 214697.5)	(77.0, 191786.0)	(78.0, 164110.0)	(79.0, 136354.0)	(80.0, 110915.0)	(81.0, 92021.0)	(82.0, 73375.0)	(83.0, 57290.0)	(84.0, 46050.0)	(85.0, 38971.0)	(86.0, 32738.5)	(87.0, 23361.5)	(88.0, 14998.5)	(89.0, 11733.0)	(90.0, 9164.0)	(91.0, 5780.0)	(92.0, 2965.5)	(93.0, 1722.0)	(94.0, 969.0)	(95.0, 523.0)	(96.0, 326.5)	(97.0, 329.0)	(98.0, 881.5)	(99.0, 1221.5)	(100.0, 594.0)
14340-YK-7_2	(0.0, 2802.0)	(1.0, 1741.0)	(2.0, 591.5)	(3.0, 475.0)	(4.0, 436.0)	(5.0, 419.0)	(6.0, 420.5)	(7.0, 449.5)	(8.0, 520.0)	(9.0, 595.0)	(10.0, 688.0)	(11.0, 806.0)	(12.0, 892.5)	(13.0, 1074.5)	(14.0, 1473.5)	(15.0, 2227.0)	(16.0, 3458.0)	(17.0, 5316.0)	(18.0, 8790.0)	(19.0, 14824.5)	(20.0, 24504.5)	(21.0, 40437.5)	(22.0, 62863.5)	(23.0, 94179.0)	(24.0, 134788.0)	(25.0, 189673.0)	(26.0, 259647.5)	(27.0, 341278.5)	(28.0, 434433.5)	(29.0, 538232.5)	(30.0, 648220.5)	(31.0, 762685.5)	(32.0, 878317.5)	(33.0, 1006467.5)	(34.0, 1149045.5)	(35.0, 1295379.0)	(36.0, 1461178.0)	(37.0, 1642775.5)	(38.0, 1809205.5)	(39.0, 1953566.0)	(40.0, 2082337.0)	(41.0, 2192841.0)	(42.0, 2296368.0)	(43.0, 2390153.0)	(44.0, 2453617.5)	(45.0, 2532749.0)	(46.0, 2614532.0)	(47.0, 2645296.0)	(48.0, 2653407.0)	(49.0, 2650574.0)	(50.0, 2627965.0)	(51.0, 2616889.5)	(52.0, 2641646.0)	(53.0, 2654234.5)	(54.0, 2605013.5)	(55.0, 2538316.5)	(56.0, 2433420.5)	(57.0, 2283424.5)	(58.0, 2193283.5)	(59.0, 2151851.0)	(60.0, 2069067.5)	(61.0, 1969788.0)	(62.0, 1848492.5)	(63.0, 1692624.0)	(64.0, 1543754.0)	(65.0, 1395344.0)	(66.0, 1256470.5)	(67.0, 1127547.0)	(68.0, 995662.5)	(69.0, 861931.5)	(70.0, 747012.0)	(71.0, 649211.0)	(72.0, 558360.0)	(73.0, 480809.5)	(74.0, 424829.0)	(75.0, 364165.5)	(76.0, 308397.0)	(77.0, 275021.5)	(78.0, 246839.5)	(79.0, 222320.0)	(80.0, 191158.0)	(81.0, 154262.0)	(82.0, 125461.0)	(83.0, 101173.0)	(84.0, 80727.0)	(85.0, 62605.5)	(86.0, 47028.0)	(87.0, 34164.5)	(88.0, 25102.5)	(89.0, 20073.0)	(90.0, 16385.0)	(91.0, 13205.0)	(92.0, 9425.5)	(93.0, 5877.5)	(94.0, 4290.0)	(95.0, 3782.5)	(96.0, 4134.5)	(97.0, 5605.0)	(98.0, 10488.0)	(99.0, 27270.5)	(100.0, 134792.0)
14340-YK-8_1	(0.0, 1858.0)	(1.0, 1244.0)	(2.0, 504.5)	(3.0, 370.5)	(4.0, 364.0)	(5.0, 377.0)	(6.0, 398.0)	(7.0, 437.0)	(8.0, 481.5)	(9.0, 540.5)	(10.0, 625.0)	(11.0, 730.5)	(12.0, 867.0)	(13.0, 1062.5)	(14.0, 1406.0)	(15.0, 2033.5)	(16.0, 3291.5)	(17.0, 5194.5)	(18.0, 8313.0)	(19.0, 13860.5)	(20.0, 23624.5)	(21.0, 38783.0)	(22.0, 60957.0)	(23.0, 90910.0)	(24.0, 130210.5)	(25.0, 180156.5)	(26.0, 243165.0)	(27.0, 324932.0)	(28.0, 425994.5)	(29.0, 534655.5)	(30.0, 653928.5)	(31.0, 781450.0)	(32.0, 895758.5)	(33.0, 1013238.5)	(34.0, 1152422.5)	(35.0, 1293122.0)	(36.0, 1437622.5)	(37.0, 1605019.0)	(38.0, 1777409.0)	(39.0, 1926990.5)	(40.0, 2062107.5)	(41.0, 2190540.5)	(42.0, 2320441.5)	(43.0, 2430319.0)	(44.0, 2460433.0)	(45.0, 2486996.5)	(46.0, 2556459.5)	(47.0, 2567756.0)	(48.0, 2546807.0)	(49.0, 2540109.5)	(50.0, 2514042.0)	(51.0, 2493749.0)	(52.0, 2448892.5)	(53.0, 2381745.0)	(54.0, 2344689.5)	(55.0, 2297534.5)	(56.0, 2198399.0)	(57.0, 2098314.5)	(58.0, 2027079.5)	(59.0, 1949359.5)	(60.0, 1837427.0)	(61.0, 1720756.5)	(62.0, 1599479.5)	(63.0, 1477644.0)	(64.0, 1340875.5)	(65.0, 1168745.5)	(66.0, 1017759.5)	(67.0, 895806.5)	(68.0, 785750.0)	(69.0, 664540.0)	(70.0, 542031.0)	(71.0, 443186.5)	(72.0, 374716.0)	(73.0, 312607.5)	(74.0, 254089.5)	(75.0, 219166.5)	(76.0, 202861.0)	(77.0, 181574.0)	(78.0, 155028.0)	(79.0, 128163.5)	(80.0, 104887.0)	(81.0, 88384.0)	(82.0, 70679.0)	(83.0, 54899.0)	(84.0, 43850.0)	(85.0, 37245.5)	(86.0, 31928.5)	(87.0, 23318.0)	(88.0, 15058.5)	(89.0, 11633.5)	(90.0, 9125.5)	(91.0, 5812.0)	(92.0, 2922.5)	(93.0, 1671.5)	(94.0, 912.5)	(95.0, 536.5)	(96.0, 363.0)	(97.0, 514.0)	(98.0, 2021.5)	(99.0, 3168.0)	(100.0, 1626.5)
14340-YK-8_2	(0.0, 2240.0)	(1.0, 1419.0)	(2.0, 544.0)	(3.0, 446.5)	(4.0, 394.0)	(5.0, 378.0)	(6.0, 383.0)	(7.0, 414.5)	(8.0, 458.5)	(9.0, 526.5)	(10.0, 610.5)	(11.0, 723.5)	(12.0, 867.5)	(13.0, 1069.5)	(14.0, 1429.5)	(15.0, 2082.5)	(16.0, 3308.0)	(17.0, 5235.0)	(18.0, 8651.0)	(19.0, 14570.5)	(20.0, 24070.5)	(21.0, 39531.0)	(22.0, 61189.0)	(23.0, 91841.5)	(24.0, 132033.0)	(25.0, 185535.0)	(26.0, 252410.5)	(27.0, 330810.5)	(28.0, 420399.0)	(29.0, 518359.0)	(30.0, 621349.5)	(31.0, 729340.5)	(32.0, 838657.0)	(33.0, 957754.5)	(34.0, 1090336.0)	(35.0, 1226265.0)	(36.0, 1379375.0)	(37.0, 1547437.0)	(38.0, 1697607.0)	(39.0, 1826407.0)	(40.0, 1943849.5)	(41.0, 2042758.5)	(42.0, 2132827.0)	(43.0, 2214695.5)	(44.0, 2266708.5)	(45.0, 2334012.5)	(46.0, 2407025.0)	(47.0, 2430942.5)	(48.0, 2437079.5)	(49.0, 2429861.5)	(50.0, 2403265.5)	(51.0, 2389760.5)	(52.0, 2404287.5)	(53.0, 2407348.5)	(54.0, 2359172.0)	(55.0, 2299995.0)	(56.0, 2207978.5)	(57.0, 2070197.5)	(58.0, 1981892.5)	(59.0, 1945664.5)	(60.0, 1872803.0)	(61.0, 1782161.5)	(62.0, 1670183.0)	(63.0, 1525428.0)	(64.0, 1391946.0)	(65.0, 1261062.0)	(66.0, 1138259.5)	(67.0, 1022520.5)	(68.0, 900352.0)	(69.0, 779201.5)	(70.0, 675852.0)	(71.0, 587913.0)	(72.0, 507499.5)	(73.0, 436814.5)	(74.0, 386605.5)	(75.0, 331699.5)	(76.0, 281120.0)	(77.0, 251616.5)	(78.0, 226216.5)	(79.0, 203262.5)	(80.0, 174787.0)	(81.0, 142558.5)	(82.0, 116610.0)	(83.0, 93950.0)	(84.0, 75632.0)	(85.0, 59388.5)	(86.0, 45302.5)	(87.0, 33444.0)	(88.0, 24773.5)	(89.0, 20005.0)	(90.0, 16595.5)	(91.0, 13487.5)	(92.0, 9710.0)	(93.0, 6050.5)	(94.0, 4186.0)	(95.0, 3573.5)	(96.0, 4020.5)	(97.0, 5400.5)	(98.0, 9652.0)	(99.0, 24701.0)	(100.0, 120350.0)
14340-YK-9_1	(0.0, 1507.0)	(1.0, 1019.5)	(2.0, 423.5)	(3.0, 314.5)	(4.0, 307.5)	(5.0, 346.5)	(6.0, 404.5)	(7.0, 462.0)	(8.0, 526.0)	(9.0, 592.5)	(10.0, 660.5)	(11.0, 751.0)	(12.0, 882.0)	(13.0, 1103.0)	(14.0, 1503.0)	(15.0, 2186.5)	(16.0, 3478.0)	(17.0, 5649.0)	(18.0, 9051.0)	(19.0, 14883.5)	(20.0, 25429.0)	(21.0, 41592.0)	(22.0, 64918.5)	(23.0, 96657.5)	(24.0, 137864.0)	(25.0, 190221.5)	(26.0, 255441.5)	(27.0, 340343.0)	(28.0, 445215.5)	(29.0, 556364.0)	(30.0, 677952.5)	(31.0, 808111.5)	(32.0, 925753.5)	(33.0, 1046175.0)	(34.0, 1190888.5)	(35.0, 1339871.5)	(36.0, 1489287.0)	(37.0, 1661898.5)	(38.0, 1844084.5)	(39.0, 2000454.5)	(40.0, 2139779.0)	(41.0, 2274649.5)	(42.0, 2416819.5)	(43.0, 2539373.0)	(44.0, 2569998.0)	(45.0, 2594933.0)	(46.0, 2670123.5)	(47.0, 2684200.5)	(48.0, 2659498.0)	(49.0, 2649733.5)	(50.0, 2621614.0)	(51.0, 2596249.0)	(52.0, 2542528.5)	(53.0, 2462638.5)	(54.0, 2417736.5)	(55.0, 2370435.0)	(56.0, 2262663.5)	(57.0, 2157158.5)	(58.0, 2089595.5)	(59.0, 2009344.0)	(60.0, 1889358.5)	(61.0, 1766894.0)	(62.0, 1641828.5)	(63.0, 1518052.0)	(64.0, 1377097.5)	(65.0, 1197709.0)	(66.0, 1043968.5)	(67.0, 921255.5)	(68.0, 809967.5)	(69.0, 684743.0)	(70.0, 556275.5)	(71.0, 453369.0)	(72.0, 383756.0)	(73.0, 321055.5)	(74.0, 261146.0)	(75.0, 225505.0)	(76.0, 210370.5)	(77.0, 188197.5)	(78.0, 158478.5)	(79.0, 129727.5)	(80.0, 106684.5)	(81.0, 91074.5)	(82.0, 72993.5)	(83.0, 56121.0)	(84.0, 44811.0)	(85.0, 37587.0)	(86.0, 31931.5)	(87.0, 23311.0)	(88.0, 14778.5)	(89.0, 11396.5)	(90.0, 8995.0)	(91.0, 5729.0)	(92.0, 2816.5)	(93.0, 1556.5)	(94.0, 788.5)	(95.0, 383.0)	(96.0, 244.0)	(97.0, 279.0)	(98.0, 914.0)	(99.0, 1197.5)	(100.0, 491.0)
14340-YK-9_2	(0.0, 2022.0)	(1.0, 1281.5)	(2.0, 483.0)	(3.0, 399.5)	(4.0, 363.5)	(5.0, 363.5)	(6.0, 403.5)	(7.0, 436.5)	(8.0, 461.0)	(9.0, 497.5)	(10.0, 572.5)	(11.0, 716.0)	(12.0, 862.5)	(13.0, 1089.0)	(14.0, 1482.0)	(15.0, 2161.0)	(16.0, 3467.5)	(17.0, 5498.5)	(18.0, 9016.5)	(19.0, 15234.0)	(20.0, 25256.5)	(21.0, 41137.5)	(22.0, 63517.5)	(23.0, 95158.0)	(24.0, 135998.0)	(25.0, 190115.5)	(26.0, 258165.0)	(27.0, 337715.5)	(28.0, 428819.0)	(29.0, 528006.5)	(30.0, 632217.0)	(31.0, 741882.5)	(32.0, 855286.0)	(33.0, 981660.5)	(34.0, 1118722.0)	(35.0, 1256849.0)	(36.0, 1416841.0)	(37.0, 1595343.5)	(38.0, 1752031.5)	(39.0, 1884792.0)	(40.0, 2008555.0)	(41.0, 2110499.5)	(42.0, 2207590.5)	(43.0, 2300685.0)	(44.0, 2353383.5)	(45.0, 2423609.0)	(46.0, 2501199.0)	(47.0, 2527073.0)	(48.0, 2534195.5)	(49.0, 2524586.0)	(50.0, 2496926.0)	(51.0, 2481660.5)	(52.0, 2493399.0)	(53.0, 2497737.5)	(54.0, 2450627.0)	(55.0, 2388621.5)	(56.0, 2288479.0)	(57.0, 2142199.5)	(58.0, 2054304.5)	(59.0, 2015537.0)	(60.0, 1938497.5)	(61.0, 1845662.5)	(62.0, 1729888.0)	(63.0, 1582374.5)	(64.0, 1444413.5)	(65.0, 1309043.5)	(66.0, 1183167.0)	(67.0, 1063755.5)	(68.0, 937730.0)	(69.0, 810620.0)	(70.0, 704669.0)	(71.0, 615104.5)	(72.0, 529234.5)	(73.0, 455927.5)	(74.0, 403492.0)	(75.0, 345448.0)	(76.0, 293544.5)	(77.0, 262423.0)	(78.0, 235516.5)	(79.0, 211894.0)	(80.0, 182431.0)	(81.0, 149030.0)	(82.0, 121508.0)	(83.0, 97103.5)	(84.0, 77680.5)	(85.0, 61004.0)	(86.0, 46467.0)	(87.0, 33995.5)	(88.0, 25016.5)	(89.0, 20314.0)	(90.0, 16767.0)	(91.0, 13664.5)	(92.0, 9924.0)	(93.0, 6061.0)	(94.0, 4203.5)	(95.0, 3622.0)	(96.0, 3980.5)	(97.0, 5447.0)	(98.0, 10056.5)	(99.0, 25924.5)	(100.0, 130574.5)
