Sample	0	1	2	3	4	5	6	7	8	9	10	11	12	13	14	15	16	17	18	19	20	21	22	23	24	25	26	27	28	29	30	31	32	33	34	35
14340-YK-1_1 - polya	(1, 0.000674345414415955)	(2, 0.00147324343336023)	(3, 0.002762803227719099)	(4, 0.007456800879185383)	(5, 0.010549228171413773)	(6, 0.014960151721679329)	(7, 0.02207726367942384)	(8, 0.028649615255746504)	(9, 0.03764885545969674)	(10, 0.06224132688632278)	(15, 0.08870686818791611)	(20, 0.11246798243199352)	(25, 0.1480379416924721)	(30, 0.1837090527651131)	(35, 0.20700089305475555)	(40, 0.227414435883389)	(45, 0.2492395748966767)	(50, 0.2713855312246586)	(55, 0.29195658906427124)	(60, 0.31186638580347903)	(65, 0.33229200646043033)	(70, 0.3566587734703657)	(75, 0.3788661254256302)	(80, 0.39899659415306293)	(85, 0.4164128225874714)	(90, 0.435978401219619)	(95, 0.45574301239758885)	(100, 0.47415767463961017)	(105, 0.49359366823876377)	(110, 0.5130822507153849)	(115, 0.5273728378296907)	(120, 0.5409898343938506)	(125, 0.5530749597330236)	(130, 0.5677643668032435)	(135, 0.5824547803591564)	(140, 0.5872529492798645)
14340-YK-1_2 - polya	(1, 0.004789613792316307)	(2, 0.010273702712911732)	(3, 0.012608749521038621)	(4, 0.015298582536003755)	(5, 0.017520399703650352)	(6, 0.019271684809745518)	(7, 0.020882061918798545)	(8, 0.02439972941638625)	(9, 0.028859719144193267)	(10, 0.04025011773366395)	(15, 0.056175489235081956)	(20, 0.07419409935684558)	(25, 0.08920180752752663)	(30, 0.10264946287381256)	(35, 0.11532791152910238)	(40, 0.12824716188648028)	(45, 0.14246402392376234)	(50, 0.15859295715662156)	(55, 0.17536906069018146)	(60, 0.19182937933751298)	(65, 0.21023322185833293)	(70, 0.23072174787110664)	(75, 0.24954101736177758)	(80, 0.2663203919738403)	(85, 0.2850714720587997)	(90, 0.30616867029451084)	(95, 0.3257264486625365)	(100, 0.3459517786665494)	(105, 0.36188822151059213)	(110, 0.37934395450845704)	(115, 0.4009318145195827)	(120, 0.43120539444123984)	(125, 0.4556031108862399)	(130, 0.4693766159756857)	(135, 0.48315766970783025)	(140, 0.4881606584670961)
14340-YK-1_2 - polyg	(1, 0.3408237340599086)	(2, 0.3440080031716377)	(3, 0.3453931791068466)	(4, 0.34747157206321816)	(5, 0.34901275328086656)	(6, 0.35100433684620325)	(7, 0.35319973376440444)	(8, 0.35521522136495365)	(9, 0.35737161696254494)	(10, 0.3626340274092223)	(15, 0.3668242789712629)	(20, 0.3687939714727734)	(25, 0.3702415495209581)	(30, 0.37131546975555785)	(35, 0.3722449592931894)	(40, 0.373078077825701)	(45, 0.3738631366663644)	(50, 0.3745342110022776)	(55, 0.3751947172384126)	(60, 0.375774704619095)	(65, 0.3763534338926609)	(70, 0.37689769103123616)	(75, 0.3773875979423809)	(80, 0.3779869601726566)	(85, 0.3787161590573497)	(90, 0.37936383260089696)	(95, 0.3799966604804701)	(100, 0.3806148943174925)	(105, 0.38122105032619696)	(110, 0.38177939826447643)	(115, 0.38235485645953965)	(120, 0.3829474249113865)	(125, 0.3835326963419579)	(130, 0.38413507802931307)	(135, 0.3848388631502539)	(140, 0.3852915300907518)
14340-YK-2_1 - polya	(1, 0.00048698659745996476)	(2, 0.001270859000118414)	(3, 0.0025241160750274316)	(4, 0.007113524707957364)	(5, 0.010253708165313668)	(6, 0.01466944446951089)	(7, 0.02161047031041617)	(8, 0.028015224163275176)	(9, 0.03674577906713575)	(10, 0.06058042864701123)	(15, 0.08628651491514974)	(20, 0.10945111787538755)	(25, 0.14445125534642342)	(30, 0.17937370965420185)	(35, 0.20235830359263157)	(40, 0.22216328576123595)	(45, 0.24320697407990952)	(50, 0.26497351479384906)	(55, 0.2848547719716941)	(60, 0.3043194502529168)	(65, 0.3242924721341868)	(70, 0.3486542407009997)	(75, 0.37067401444561837)	(80, 0.39042008883785534)	(85, 0.4078873006463157)	(90, 0.4274022030874692)	(95, 0.4468938709873463)	(100, 0.46507360872828307)	(105, 0.48483212181433466)	(110, 0.5050752745744849)	(115, 0.5196832296519309)	(120, 0.5333531194618842)	(125, 0.5456190797171361)	(130, 0.5605081962132603)	(135, 0.5756711986656426)	(140, 0.5807438388186545)
14340-YK-2_2 - polya	(1, 0.004704407877631322)	(2, 0.010137535458931651)	(3, 0.01240348996422127)	(4, 0.015310154547132917)	(5, 0.017375447105035417)	(6, 0.019094568467153124)	(7, 0.020566089414658657)	(8, 0.024010199447297202)	(9, 0.028316803815196166)	(10, 0.0392644972184323)	(15, 0.0542756537293416)	(20, 0.07105052314623242)	(25, 0.08507878815344903)	(30, 0.09753297166227337)	(35, 0.1095668211970973)	(40, 0.12204376986252578)	(45, 0.13557871157920706)	(50, 0.1505363582374798)	(55, 0.1659957771103884)	(60, 0.18135709458679664)	(65, 0.19823311640055744)	(70, 0.2169317588966672)	(75, 0.2338772496419211)	(80, 0.2494842899942525)	(85, 0.2674877737907592)	(90, 0.28737560235401577)	(95, 0.30600618407264923)	(100, 0.3251498032380525)	(105, 0.3406214261124396)	(110, 0.35738432622018806)	(115, 0.377724406915158)	(120, 0.4057217944608877)	(125, 0.42870474555296456)	(130, 0.4428430812658239)	(135, 0.4568746319657463)	(140, 0.46179941594699925)
14340-YK-2_2 - polyg	(1, 0.32183008014356035)	(2, 0.3244598077698442)	(3, 0.3257611767736589)	(4, 0.3278757547221477)	(5, 0.32929681681738626)	(6, 0.3311356312709279)	(7, 0.3331399038214378)	(8, 0.3350937175196808)	(9, 0.33712615315052574)	(10, 0.3419066013450617)	(15, 0.34571002534430806)	(20, 0.3474528506323744)	(25, 0.34856411884392763)	(30, 0.34934658309256933)	(35, 0.35002202763593787)	(40, 0.3506643805599127)	(45, 0.35123374416735276)	(50, 0.3517751793867937)	(55, 0.35227882914011854)	(60, 0.35276112189085607)	(65, 0.35327181241426475)	(70, 0.3537132686985164)	(75, 0.3541127150546016)	(80, 0.3545602733395925)	(85, 0.3550566476304975)	(90, 0.35553847099656266)	(95, 0.3560048046684436)	(100, 0.35647395464835807)	(105, 0.35689569677637517)	(110, 0.35733832652230746)	(115, 0.3578084152715664)	(120, 0.3582822590982034)	(125, 0.358716205227699)	(130, 0.3592116407492595)	(135, 0.3597777186639937)	(140, 0.3601260020908036)
14340-YK-3_1 - polya	(1, 0.0005496896460241592)	(2, 0.0014141393383194137)	(3, 0.0026606347389509614)	(4, 0.007224655409881844)	(5, 0.010408749791001039)	(6, 0.014752666516532207)	(7, 0.021473249678400193)	(8, 0.027917847582305845)	(9, 0.03693184542914185)	(10, 0.06067159552768399)	(15, 0.0860613269122588)	(20, 0.10908123447019835)	(25, 0.14361748224282908)	(30, 0.1779233621555078)	(35, 0.20053636252319543)	(40, 0.21980173013789694)	(45, 0.24009759477365117)	(50, 0.2612611023195614)	(55, 0.28093862312528606)	(60, 0.3002664865752616)	(65, 0.32009522905539034)	(70, 0.34422204277604995)	(75, 0.3657238033282066)	(80, 0.3853869546535579)	(85, 0.4025744497888901)	(90, 0.42182658835816855)	(95, 0.4409407342984659)	(100, 0.4591169865356714)	(105, 0.47841725145985087)	(110, 0.4981611455796804)	(115, 0.5125824016996677)	(120, 0.5264259134738546)	(125, 0.5385968633499937)	(130, 0.5530730884345834)	(135, 0.5677233438925826)	(140, 0.5725371198176198)
14340-YK-3_2 - polya	(1, 0.0048936063715553264)	(2, 0.010294706295975281)	(3, 0.01261549141974948)	(4, 0.01543806792163702)	(5, 0.017453216478742185)	(6, 0.019161588034228058)	(7, 0.02066011955886653)	(8, 0.02398562787381767)	(9, 0.028269101546985184)	(10, 0.038977101468933815)	(15, 0.05395124045280605)	(20, 0.07047409009912808)	(25, 0.08449140415973419)	(30, 0.09670614673796316)	(35, 0.10861205953166238)	(40, 0.12065299982347208)	(45, 0.13386128933036545)	(50, 0.14858065514635013)	(55, 0.16359105996164056)	(60, 0.17868745357218038)	(65, 0.19556132909619173)	(70, 0.21437759342748178)	(75, 0.23152403290460472)	(80, 0.247304231311319)	(85, 0.26526288856001534)	(90, 0.2850866131263629)	(95, 0.3034606167839431)	(100, 0.32300972461426875)	(105, 0.3386724582211064)	(110, 0.35549182095449544)	(115, 0.37666171493612716)	(120, 0.40590406366966214)	(125, 0.4292868576287737)	(130, 0.4430320639102483)	(135, 0.4566105386019953)	(140, 0.4614017339150175)
14340-YK-3_2 - polyg	(1, 0.300551367225836)	(2, 0.3038780159757374)	(3, 0.30516670746952845)	(4, 0.3069879820850898)	(5, 0.30829720140798555)	(6, 0.30999416861396883)	(7, 0.3117857919208235)	(8, 0.3136389987149921)	(9, 0.315502469423713)	(10, 0.31995016572971763)	(15, 0.32347525016096385)	(20, 0.3250782455270459)	(25, 0.3261466049884472)	(30, 0.326924837798503)	(35, 0.32755093658619444)	(40, 0.32812389110520385)	(45, 0.32863298126699886)	(50, 0.32912085933871904)	(55, 0.3295964207129764)	(60, 0.3300398218216366)	(65, 0.33048002971243606)	(70, 0.3308597945508718)	(75, 0.3312402436502777)	(80, 0.3316699595395348)	(85, 0.33216103082911574)	(90, 0.33266920864295046)	(95, 0.33313427801566553)	(100, 0.3335950137355696)	(105, 0.33402495771181673)	(110, 0.3344583229929146)	(115, 0.3348941972309031)	(120, 0.3353309838168517)	(125, 0.3357695950987208)	(130, 0.3362472092558887)	(135, 0.33678617881338047)	(140, 0.3371319586902985)
14340-YK-4_1 - polya	(1, 0.000547030352619257)	(2, 0.0013885259801590928)	(3, 0.0026047955939614833)	(4, 0.0072883065278761434)	(5, 0.010469229833638759)	(6, 0.014965353774422142)	(7, 0.022196629478301807)	(8, 0.02863063754059809)	(9, 0.03784169756321256)	(10, 0.06215405422234689)	(15, 0.08798412913640784)	(20, 0.1110853373169558)	(25, 0.14565020667854228)	(30, 0.18077584034628186)	(35, 0.20396690117198343)	(40, 0.22402289612999304)	(45, 0.2452565194088115)	(50, 0.26677902126958764)	(55, 0.2870112298348026)	(60, 0.306600503151535)	(65, 0.3266313579912114)	(70, 0.3508156862699455)	(75, 0.37317293317093125)	(80, 0.3934130562178438)	(85, 0.411223433383633)	(90, 0.4308315617891151)	(95, 0.4506831768962313)	(100, 0.469281743327539)	(105, 0.4897357901591567)	(110, 0.5104752238896302)	(115, 0.5256242401952084)	(120, 0.5403237604961448)	(125, 0.5530462898248281)	(130, 0.5686538805111125)	(135, 0.5845319602483517)	(140, 0.5898826154335884)
14340-YK-4_2 - polya	(1, 0.004328523151895781)	(2, 0.009923363375386776)	(3, 0.012330296926911507)	(4, 0.01517601865489892)	(5, 0.017314092607583122)	(6, 0.01910998161628847)	(7, 0.020761547723451713)	(8, 0.024184561057607534)	(9, 0.028638784801169017)	(10, 0.03972790477481845)	(15, 0.055298716399097045)	(20, 0.07264702750107807)	(25, 0.08717196364692334)	(30, 0.09996758554187139)	(35, 0.11247898443233088)	(40, 0.12506091532144725)	(45, 0.13880301611586338)	(50, 0.1542707066992014)	(55, 0.1703273278323806)	(60, 0.18604781627229075)	(65, 0.20331209420095453)	(70, 0.22218068412547015)	(75, 0.2395168907260315)	(80, 0.25593804357504124)	(85, 0.2745196171485868)	(90, 0.29507888003100613)	(95, 0.31443118445456125)	(100, 0.33365918495969143)	(105, 0.34929517466853743)	(110, 0.36622192323069147)	(115, 0.3865893763213838)	(120, 0.41323999676437373)	(125, 0.435405666652506)	(130, 0.449626593589619)	(135, 0.4640707554663754)	(140, 0.4693136340332024)
14340-YK-4_2 - polyg	(1, 0.37456099359334344)	(2, 0.377716311223026)	(3, 0.3791665236046507)	(4, 0.3814861650786298)	(5, 0.3830003916504546)	(6, 0.3850581568917968)	(7, 0.3873498649009613)	(8, 0.3896695063749404)	(9, 0.3920240646799378)	(10, 0.39758259139916974)	(15, 0.40190157061725384)	(20, 0.40382711745847366)	(25, 0.4052037717160866)	(30, 0.4061874952353074)	(35, 0.4070552948755477)	(40, 0.4078094984255419)	(45, 0.4085006189008298)	(50, 0.4091186468098528)	(55, 0.409681971683614)	(60, 0.4102280709207394)	(65, 0.4107616000986982)	(70, 0.41124438348224396)	(75, 0.4117041217573175)	(80, 0.41223765093527637)	(85, 0.41292597806408293)	(90, 0.4135558776956521)	(95, 0.4141131503187034)	(100, 0.41468182910655393)	(105, 0.41518067423236793)	(110, 0.41564390419054353)	(115, 0.4161334381614193)	(120, 0.4166516039337302)	(125, 0.41715696686800097)	(130, 0.41765604477268853)	(135, 0.41825684704507593)	(140, 0.4186516400144556)
14340-YK-5_1 - polya	(1, 0.0005582994190467746)	(2, 0.001315002763870502)	(3, 0.0024869701393901776)	(4, 0.0066396104463496575)	(5, 0.009586831553094512)	(6, 0.013831752755764202)	(7, 0.020591328366537133)	(8, 0.02655844178539863)	(9, 0.03500560427647204)	(10, 0.05722315272766236)	(15, 0.08071948369115692)	(20, 0.10185573074686285)	(25, 0.13307528057458423)	(30, 0.16519272351756595)	(35, 0.18690595687369999)	(40, 0.20551255387574976)	(45, 0.22504565107073002)	(50, 0.24505630190101066)	(55, 0.2637625622704275)	(60, 0.28232555654925423)	(65, 0.30147291960016576)	(70, 0.32441072044237435)	(75, 0.3453988566604654)	(80, 0.36444471072609574)	(85, 0.38148599303466113)	(90, 0.4004741715404726)	(95, 0.41982639817986084)	(100, 0.4372790225810544)	(105, 0.4564976726239022)	(110, 0.4760801400980874)	(115, 0.49043235710565725)	(120, 0.504377615363145)	(125, 0.5168290766213237)	(130, 0.5315040460616399)	(135, 0.5465781303759029)	(140, 0.551602133040606)
14340-YK-5_2 - polya	(1, 0.004584053494404715)	(2, 0.009568375373952468)	(3, 0.0116296998818793)	(4, 0.014324302036617451)	(5, 0.01631987640635076)	(6, 0.017999388708276592)	(7, 0.019390523211108016)	(8, 0.022496928862952983)	(9, 0.026480003024044952)	(10, 0.036597449727473176)	(15, 0.05087745693414973)	(20, 0.0671934114024328)	(25, 0.0806763423724124)	(30, 0.09240409070598381)	(35, 0.10390528944058663)	(40, 0.11569809580563373)	(45, 0.12851637362426055)	(50, 0.14292626619164922)	(55, 0.15790945382363755)	(60, 0.1727413007866612)	(65, 0.18883070565597568)	(70, 0.20653364198678323)	(75, 0.22259813101425602)	(80, 0.23807156090470483)	(85, 0.2552683365225418)	(90, 0.2742544387081999)	(95, 0.2922644397194832)	(100, 0.3106541766166139)	(105, 0.3254479577101571)	(110, 0.3415246739563114)	(115, 0.36086698039941084)	(120, 0.3869400246733738)	(125, 0.4083270450631722)	(130, 0.4219317868154893)	(135, 0.43546685649154515)	(140, 0.44036328081792897)
14340-YK-5_2 - polyg	(1, 0.32072109952964084)	(2, 0.323980922170604)	(3, 0.32537321018463183)	(4, 0.32730072739377886)	(5, 0.3287403093668581)	(6, 0.3305224841652616)	(7, 0.33249844884465646)	(8, 0.33452055397190644)	(9, 0.3366580102187942)	(10, 0.34175883672917606)	(15, 0.3458394979374816)	(20, 0.3478025432914771)	(25, 0.3492172094227146)	(30, 0.35022676242178424)	(35, 0.3511354985422906)	(40, 0.35193418969466245)	(45, 0.3526242200923355)	(50, 0.353229121363716)	(55, 0.3537920348275483)	(60, 0.35436786761678)	(65, 0.3549240907156733)	(70, 0.35543071283312233)	(75, 0.35589465503630546)	(80, 0.35641581139482886)	(85, 0.35701771353709866)	(90, 0.3576364569428357)	(95, 0.3581949870641218)	(100, 0.3587332153883515)	(105, 0.3592606007073354)	(110, 0.3597822184703373)	(115, 0.3603515915968694)	(120, 0.3608628277591039)	(125, 0.3613925201004805)	(130, 0.3619701985076264)	(135, 0.3625702550319821)	(140, 0.36297190763056075)
14340-YK-6_1 - polya	(1, 0.0005844997973642992)	(2, 0.0014052576903922055)	(3, 0.002694434813550847)	(4, 0.007041310643014782)	(5, 0.009933765247728767)	(6, 0.014501876981802555)	(7, 0.021623761195014753)	(8, 0.027817000870358436)	(9, 0.036517580797947105)	(10, 0.05964929684401247)	(15, 0.08450583355379537)	(20, 0.10711313856671145)	(25, 0.14017015280736617)	(30, 0.1740785155846492)	(35, 0.19721105102295383)	(40, 0.21714304037456933)	(45, 0.2379394885386418)	(50, 0.2588520172699479)	(55, 0.278245665920346)	(60, 0.2977480206078241)	(65, 0.31758905742087773)	(70, 0.34189687446107886)	(75, 0.36378202178042895)	(80, 0.38415539041827845)	(85, 0.40236638293662635)	(90, 0.4225084098322481)	(95, 0.44270560913864887)	(100, 0.46160652992248385)	(105, 0.48236856361250596)	(110, 0.5033788731510346)	(115, 0.5187260897930439)	(120, 0.533235341305)	(125, 0.5461052620768719)	(130, 0.56164011954168)	(135, 0.577458213590538)	(140, 0.5829675338768162)
14340-YK-6_2 - polya	(1, 0.004647319650539042)	(2, 0.010033457970176417)	(3, 0.012185728252059911)	(4, 0.01480914907153846)	(5, 0.016798906559294963)	(6, 0.018486854572244204)	(7, 0.01988118703277913)	(8, 0.023121883339193808)	(9, 0.027313074643191552)	(10, 0.03790098802862476)	(15, 0.05274345905122792)	(20, 0.06961037516638442)	(25, 0.08342614771315)	(30, 0.09567333038315709)	(35, 0.10752310781710575)	(40, 0.11961733726911099)	(45, 0.13314277183241946)	(50, 0.1482051131059003)	(55, 0.16393416653142143)	(60, 0.1794641076427937)	(65, 0.1965978724972142)	(70, 0.21564218692292592)	(75, 0.2331121757262041)	(80, 0.2492847934839307)	(85, 0.26728520219677965)	(90, 0.2870956483662329)	(95, 0.3058766647523843)	(100, 0.32417396658660474)	(105, 0.3392065366087246)	(110, 0.35471544665262156)	(115, 0.3735781291319561)	(120, 0.39905084880568936)	(125, 0.42029987461659957)	(130, 0.4341309424851653)	(135, 0.44791721691131625)	(140, 0.4528521432378481)
14340-YK-6_2 - polyg	(1, 0.457489903312262)	(2, 0.46096549206060816)	(3, 0.46267529053327194)	(4, 0.46545576153194884)	(5, 0.4672843718793105)	(6, 0.4698763826629494)	(7, 0.4727155767721092)	(8, 0.47536494501249876)	(9, 0.47810444639921085)	(10, 0.484697003225838)	(15, 0.48974118185094256)	(20, 0.4919710212648128)	(25, 0.49341997987463404)	(30, 0.49446470497973616)	(35, 0.4953450053754862)	(40, 0.49612943687923866)	(45, 0.4968256471518936)	(50, 0.49744346890032265)	(55, 0.4980085764146903)	(60, 0.4985635780914399)	(65, 0.4991153021992324)	(70, 0.49961649711893497)	(75, 0.5001146876004267)	(80, 0.5007234960342235)	(85, 0.5014579446113789)	(90, 0.5021421371311909)	(95, 0.5027178967446694)	(100, 0.5032977533193443)	(105, 0.5038273538366758)	(110, 0.5043741615910325)	(115, 0.5049428198051037)	(120, 0.5054918126054319)	(125, 0.5060263294761992)	(130, 0.5065633045236843)	(135, 0.50720051855511)	(140, 0.5075971043989291)
14340-YK-7_1 - polya	(1, 0.0006252390448465796)	(2, 0.0014333874087400552)	(3, 0.002620504753926773)	(4, 0.007066516241086294)	(5, 0.010187929522337573)	(6, 0.014596880951389554)	(7, 0.021436254900848984)	(8, 0.027746028665094197)	(9, 0.03624473682917514)	(10, 0.05945772264484437)	(15, 0.08448186936480148)	(20, 0.10685610238149487)	(25, 0.139672903384297)	(30, 0.17293657695873135)	(35, 0.19561613703480107)	(40, 0.21479531484832629)	(45, 0.23520727756251264)	(50, 0.2559329357362931)	(55, 0.27551523134316874)	(60, 0.29504444738294844)	(65, 0.31481562973759797)	(70, 0.3386258802316713)	(75, 0.36056017449405575)	(80, 0.38058862538111643)	(85, 0.3983463706433556)	(90, 0.4183071570372262)	(95, 0.438416183663527)	(100, 0.4569686878493112)	(105, 0.4775150231612811)	(110, 0.4984506086319547)	(115, 0.5139864240877848)	(120, 0.5286607725154766)	(125, 0.5416303582702215)	(130, 0.5572926561179157)	(135, 0.5734900533852528)	(140, 0.5790203704434943)
14340-YK-7_2 - polya	(1, 0.004885950241468395)	(2, 0.009896231000458864)	(3, 0.012072015057095145)	(4, 0.014780985756181853)	(5, 0.01677744695100745)	(6, 0.018489382538426767)	(7, 0.019970589376983004)	(8, 0.02314579951677749)	(9, 0.02721403750838917)	(10, 0.0376905572896674)	(15, 0.05231158705311412)	(20, 0.06881526776842394)	(25, 0.08237614077284591)	(30, 0.09410218225522098)	(35, 0.10585667629833666)	(40, 0.11784165999316636)	(45, 0.13097765736367156)	(50, 0.14592840209570085)	(55, 0.16127270073511732)	(60, 0.1761249374417253)	(65, 0.19248037792460496)	(70, 0.21083036682511755)	(75, 0.22728192436192768)	(80, 0.24282849918946664)	(85, 0.260371057017533)	(90, 0.2801293281261322)	(95, 0.29897448722239134)	(100, 0.3175030816932673)	(105, 0.332428243030345)	(110, 0.34840112807469525)	(115, 0.36747056029679226)	(120, 0.3933497184218627)	(125, 0.41498609763649236)	(130, 0.4293599009477894)	(135, 0.44382240930139555)	(140, 0.44903879180289374)
14340-YK-7_2 - polyg	(1, 0.3834114063231656)	(2, 0.38642522588733047)	(3, 0.3878574178103251)	(4, 0.39025556221560664)	(5, 0.39198901654644325)	(6, 0.3941648006030795)	(7, 0.3964589377485109)	(8, 0.3987638342656508)	(9, 0.40111535472686155)	(10, 0.4069426304442615)	(15, 0.4114656312134251)	(20, 0.41340590457821663)	(25, 0.41474723958456056)	(30, 0.4157201258841708)	(35, 0.4165464456313944)	(40, 0.4171927252253601)	(45, 0.4178155732987158)	(50, 0.41840303499400766)	(55, 0.41896610878009327)	(60, 0.4194863841764933)	(65, 0.4200205272075401)	(70, 0.4205030252543853)	(75, 0.4209508542146139)	(80, 0.4214694559309703)	(85, 0.42206887248371616)	(90, 0.42266374619062946)	(95, 0.4232535988574121)	(100, 0.4238283884038026)	(105, 0.4243331224855124)	(110, 0.42484072573301124)	(115, 0.4253705650153745)	(120, 0.42586812618261183)	(125, 0.42637094748712895)	(130, 0.42692900023308383)	(135, 0.42748705297903866)	(140, 0.4278511979370889)
14340-YK-8_1 - polya	(1, 0.0006352785784258225)	(2, 0.0014719235774160674)	(3, 0.0028178307497047222)	(4, 0.00762724035570144)	(5, 0.010703599606646937)	(6, 0.015134959997261417)	(7, 0.02216069936766397)	(8, 0.028826577457444942)	(9, 0.038182970753606035)	(10, 0.06232797380365773)	(15, 0.0881111901203658)	(20, 0.11128339848836175)	(25, 0.1460545725085079)	(30, 0.18081977049294695)	(35, 0.20393481678026654)	(40, 0.2236689858232194)	(45, 0.2450252588191834)	(50, 0.2668466232897414)	(55, 0.28707836226221795)	(60, 0.30682344406602713)	(65, 0.3270840239064813)	(70, 0.3518523534635446)	(75, 0.3745966257093863)	(80, 0.3951900447559605)	(85, 0.4134439757370352)	(90, 0.43348837898147696)	(95, 0.45394097144747575)	(100, 0.47307571812624516)	(105, 0.49399781913670837)	(110, 0.515150387263353)	(115, 0.5304783991967168)	(120, 0.5452623320530976)	(125, 0.55855225598271)	(130, 0.5743897899170116)	(135, 0.5906908563600707)	(140, 0.596182313519592)
14340-YK-8_2 - polya	(1, 0.005023767408533038)	(2, 0.01060876251825208)	(3, 0.012828989697249485)	(4, 0.015713076495010886)	(5, 0.0177916976105146)	(6, 0.01961308936297473)	(7, 0.02106942328202452)	(8, 0.024483558464239368)	(9, 0.028822680042853373)	(10, 0.03997058491293923)	(15, 0.05559090294067076)	(20, 0.07294609011692957)	(25, 0.08713787578303119)	(30, 0.09961401954592392)	(35, 0.11166222718666233)	(40, 0.12395077539388084)	(45, 0.137470127129117)	(50, 0.15260898454097)	(55, 0.1681409611712926)	(60, 0.18312080406780956)	(65, 0.19954476898432272)	(70, 0.21800916035334222)	(75, 0.2346519001422621)	(80, 0.2502587071327429)	(85, 0.2679295848909188)	(90, 0.2873327335212277)	(95, 0.3058163521355656)	(100, 0.3239988305157949)	(105, 0.33931852796469675)	(110, 0.35556451094819486)	(115, 0.37476421453682374)	(120, 0.40055496585507555)	(125, 0.4218912321228029)	(130, 0.43590035895837953)	(135, 0.44989753372254215)	(140, 0.4549672906232557)
14340-YK-8_2 - polyg	(1, 0.37113260362039935)	(2, 0.3742518344318521)	(3, 0.3757835183663389)	(4, 0.3781622404053935)	(5, 0.37985371833813464)	(6, 0.3820401679240051)	(7, 0.3845163253278489)	(8, 0.38680800510769175)	(9, 0.3892010176669154)	(10, 0.3949151471134351)	(15, 0.39946057183776285)	(20, 0.40173614230396054)	(25, 0.40329043124307845)	(30, 0.40445705734415494)	(35, 0.40548129789881937)	(40, 0.4064218739535848)	(45, 0.40723695325850173)	(50, 0.407993571344545)	(55, 0.40869978286853736)	(60, 0.40933584092988157)	(65, 0.40993968036393535)	(70, 0.4105006482374819)	(75, 0.4110099104107804)	(80, 0.4115807517346256)	(85, 0.4123155442989561)	(90, 0.4130448804828585)	(95, 0.41366171129888424)	(100, 0.41422839538049844)	(105, 0.4147607822137068)	(110, 0.4152739418015968)	(115, 0.4158112653599545)	(120, 0.41631818908449797)	(125, 0.41688097575152055)	(130, 0.41739179689065564)	(135, 0.4179813458045404)	(140, 0.4183653710556297)
14340-YK-9_1 - polya	(1, 0.0004126234584437759)	(2, 0.0012504121217885855)	(3, 0.002533432784366041)	(4, 0.00742345972805079)	(5, 0.01073824331670398)	(6, 0.01506012914587496)	(7, 0.021774980199090695)	(8, 0.028380718058128286)	(9, 0.03766286461114465)	(10, 0.06212679525067137)	(15, 0.08857407767494883)	(20, 0.11207154133247928)	(25, 0.14739486855948714)	(30, 0.18271995163099894)	(35, 0.20621992363782082)	(40, 0.22616782221301826)	(45, 0.24721513028265885)	(50, 0.26907338767822575)	(55, 0.28925807442653617)	(60, 0.3088136671725506)	(65, 0.3291328014428828)	(70, 0.3539300917032434)	(75, 0.3760770601022564)	(80, 0.39609744997197677)	(85, 0.41380112843611244)	(90, 0.4337430069730104)	(95, 0.4538075437902602)	(100, 0.4723417367047956)	(105, 0.49268269361396344)	(110, 0.5134131971680939)	(115, 0.5280692312431159)	(120, 0.542459129458315)	(125, 0.5550761263943162)	(130, 0.570348712725177)	(135, 0.5859175351073584)	(140, 0.5912768742034736)
14340-YK-9_2 - polya	(1, 0.004133759632312114)	(2, 0.009850287667530142)	(3, 0.012007468058178452)	(4, 0.01481431091531271)	(5, 0.016911290922966185)	(6, 0.01865333950587927)	(7, 0.0203050875143001)	(8, 0.02363742954799345)	(9, 0.02817252506693781)	(10, 0.039552654967324234)	(15, 0.05497624392553052)	(20, 0.07231596090747663)	(25, 0.08672166172321187)	(30, 0.09932862526204725)	(35, 0.11125281612374952)	(40, 0.1235632927763353)	(45, 0.1371251848904263)	(50, 0.15227862462994324)	(55, 0.16790890156976512)	(60, 0.18325397919514896)	(65, 0.19998642481363466)	(70, 0.21840548449569236)	(75, 0.23542463443819095)	(80, 0.251416364510911)	(85, 0.26910725039366035)	(90, 0.2886314887735316)	(95, 0.30721509616910847)	(100, 0.3260575652115632)	(105, 0.3415240469426533)	(110, 0.3579088353493438)	(115, 0.37783566379049305)	(120, 0.40494389625306804)	(125, 0.42765875493166555)	(130, 0.44179455736364065)	(135, 0.45628077619163143)	(140, 0.4614810859426688)
14340-YK-9_2 - polyg	(1, 0.38985266357597903)	(2, 0.3932464601673129)	(3, 0.39471008197887486)	(4, 0.39716073923662304)	(5, 0.3987999454985866)	(6, 0.4009746843342751)	(7, 0.40324724879233015)	(8, 0.4054533419941618)	(9, 0.407574151320084)	(10, 0.4128888417988115)	(15, 0.4167529538822926)	(20, 0.4183500198761598)	(25, 0.4193079584705651)	(30, 0.4199347949584989)	(35, 0.4204337056325686)	(40, 0.42084231573214603)	(45, 0.42120025717603615)	(50, 0.4215348709715158)	(55, 0.42188252818331096)	(60, 0.42222090450272776)	(65, 0.4225637958508692)	(70, 0.42287809201708804)	(75, 0.42316379300138446)	(80, 0.4234780891676032)	(85, 0.4238137063027995)	(90, 0.42414581174898763)	(95, 0.424447064498891)	(100, 0.42482055770838817)	(105, 0.4251880308795858)	(110, 0.42556679162259503)	(115, 0.42594254234645434)	(120, 0.4263014871300611)	(125, 0.42671712060765465)	(130, 0.42714228581255564)	(135, 0.4275840061227803)	(140, 0.4278905264061957)
