Sample	0	1	2	3	4	5	6	7	8	9	10	11	12	13	14	15	16	17	18	19	20	21	22	23	24	25	26	27	28	29	30	31	32	33	34	35	36	37	38	39	40	41	42	43	44	45	46	47	48	49	50	51	52	53	54	55	56	57	58	59	60	61	62	63	64	65	66	67	68	69	70	71	72	73	74	75	76	77	78	79	80	81	82	83	84	85	86	87	88	89	90	91	92	93	94	95	96	97	98	99	100
14340-YK-1_1	(0.0, 0.0018998002398244204)	(1.0, 0.001113956699620186)	(2.0, 0.0002535989113806494)	(3.0, 0.00016405657970797565)	(4.0, 0.00016405657970797565)	(5.0, 0.00017845849319379032)	(6.0, 0.00018096317380001894)	(7.0, 0.0001953650872858336)	(8.0, 0.00019724359774050506)	(9.0, 0.00019661742758894792)	(10.0, 0.0002379446575917204)	(11.0, 0.00028553358911006453)	(12.0, 0.0003462720938111089)	(13.0, 0.0004915435689723698)	(14.0, 0.0008265446000554498)	(15.0, 0.0014959204920700529)	(16.0, 0.0029567754556529048)	(17.0, 0.005269221825353493)	(18.0, 0.008904765725294358)	(19.0, 0.015672412723324133)	(20.0, 0.027885861529446516)	(21.0, 0.04735912707272261)	(22.0, 0.07520616605277258)	(23.0, 0.11274506663862426)	(24.0, 0.16182052609676503)	(25.0, 0.22380448322925667)	(26.0, 0.30214525706072437)	(27.0, 0.40356165331737653)	(28.0, 0.5279428398823875)	(29.0, 0.6622319167554873)	(30.0, 0.8076918691323669)	(31.0, 0.9620929051033311)	(32.0, 1.1001897226680502)	(33.0, 1.2408131367943023)	(34.0, 1.4119441868745708)	(35.0, 1.5845918210619105)	(36.0, 1.7591799565489261)	(37.0, 1.9662506686479693)	(38.0, 2.1819205754383466)	(39.0, 2.363198712824599)	(40.0, 2.527163871690447)	(41.0, 2.6911797503385717)	(42.0, 2.8614817511381787)	(43.0, 3.007079460948401)	(44.0, 3.0580960478763686)	(45.0, 3.1035948234288147)	(46.0, 3.215641710348453)	(47.0, 3.276876141809531)	(48.0, 3.2730189336759383)	(49.0, 3.268183647765614)	(50.0, 3.2387705572365197)	(51.0, 3.230212063605036)	(52.0, 3.20054474799441)	(53.0, 3.1275834019349698)	(54.0, 3.0870777071710402)	(55.0, 3.0363535417038494)	(56.0, 2.915400636718614)	(57.0, 2.794671900647636)	(58.0, 2.721691769483649)	(59.0, 2.646090490065244)	(60.0, 2.518618527632147)	(61.0, 2.3802737466874113)	(62.0, 2.2243122946987666)	(63.0, 2.043339728346474)	(64.0, 1.8336760456498329)	(65.0, 1.5808260337704458)	(66.0, 1.370690844949682)	(67.0, 1.212279189157994)	(68.0, 1.073396528053071)	(69.0, 0.910392540369863)	(70.0, 0.7400905395702561)	(71.0, 0.6046023468569242)	(72.0, 0.5124088107625575)	(73.0, 0.4292283678297044)	(74.0, 0.3494649354138989)	(75.0, 0.30215590195330083)	(76.0, 0.2842624637024035)	(77.0, 0.2551875050551499)	(78.0, 0.21749331427171206)	(79.0, 0.1808060050919781)	(80.0, 0.1479270627740148)	(81.0, 0.12687584844881467)	(82.0, 0.10219347341473457)	(83.0, 0.07917420630319029)	(84.0, 0.06329766211045854)	(85.0, 0.05411111981696345)	(86.0, 0.047446164723789055)	(87.0, 0.03480879872506247)	(88.0, 0.02191971232540991)	(89.0, 0.017346165538436417)	(90.0, 0.013976117782755787)	(91.0, 0.008671204258763538)	(92.0, 0.004066975134363748)	(93.0, 0.002220399357421686)	(94.0, 0.0010557228755253701)	(95.0, 0.00048089867639589817)	(96.0, 0.00033187018032529425)	(97.0, 0.0005109548436706418)	(98.0, 0.001862230030730991)	(99.0, 0.0026756250576037404)	(100.0, 0.001221657965688017)
14340-YK-1_2	(0.0, 0.002583129844948415)	(1.0, 0.0014960574745512313)	(2.0, 0.0003293208277314031)	(3.0, 0.000229583662761321)	(4.0, 0.00019947432994016416)	(5.0, 0.0001856742190638006)	(6.0, 0.00017501049702297423)	(7.0, 0.00017751960809140395)	(8.0, 0.00018755605236512292)	(9.0, 0.0002452656069390069)	(10.0, 0.00027788405082859345)	(11.0, 0.0003148934390879321)	(12.0, 0.00040083049318165065)	(13.0, 0.0005300497132057822)	(14.0, 0.0008788161517175156)	(15.0, 0.0015638034733988341)	(16.0, 0.0027644131196424638)	(17.0, 0.004894021138972204)	(18.0, 0.00888288046000838)	(19.0, 0.015879536674324703)	(20.0, 0.02732233770189852)	(21.0, 0.04657725604102833)	(22.0, 0.07357340930403099)	(23.0, 0.1115262233250992)	(24.0, 0.16120160425787117)	(25.0, 0.22613049865339457)	(26.0, 0.30820728536833397)	(27.0, 0.40431313934463115)	(28.0, 0.5135617170973632)	(29.0, 0.6344695067073213)	(30.0, 0.758698104816346)	(31.0, 0.8862481387022046)	(32.0, 1.0156467601677288)	(33.0, 1.160313322484648)	(34.0, 1.321175569470514)	(35.0, 1.4854715349535261)	(36.0, 1.6713038280146377)	(37.0, 1.8752882851003045)	(38.0, 2.0671518538921543)	(39.0, 2.2318097586467873)	(40.0, 2.377308091282891)	(41.0, 2.5053944476596266)	(42.0, 2.626982833646896)	(43.0, 2.741706291750942)	(44.0, 2.8274689626254044)	(45.0, 2.9395509540521605)	(46.0, 3.054212311657263)	(47.0, 3.1119858485633918)	(48.0, 3.146163704982007)	(49.0, 3.152915722867152)	(50.0, 3.127353526579757)	(51.0, 3.12183599134028)	(52.0, 3.1640994581769104)	(53.0, 3.1869825511209897)	(54.0, 3.13245329482634)	(55.0, 3.0667848399433972)	(56.0, 2.962136717334631)	(57.0, 2.78072610525386)	(58.0, 2.6640869408490677)	(59.0, 2.621841037789916)	(60.0, 2.52291368841717)	(61.0, 2.4015247767598407)	(62.0, 2.2497411208973204)	(63.0, 2.054044257670677)	(64.0, 1.8742865225062337)	(65.0, 1.6951667288309387)	(66.0, 1.5329815530342432)	(67.0, 1.3812637613372694)	(68.0, 1.2177700841183878)	(69.0, 1.0533969634700213)	(70.0, 0.9178522744423785)	(71.0, 0.800245847720707)	(72.0, 0.6855016894503465)	(73.0, 0.5916753628797178)	(74.0, 0.5236815893141075)	(75.0, 0.4450949760953538)	(76.0, 0.3771162571961541)	(77.0, 0.3399494222172715)	(78.0, 0.3054121356381032)	(79.0, 0.2750989375426365)	(80.0, 0.23840444272238576)	(81.0, 0.1963561321598731)	(82.0, 0.16240785940401875)	(83.0, 0.1301814641188743)	(84.0, 0.10477671455102322)	(85.0, 0.0833620788597425)	(86.0, 0.06452555479127337)	(87.0, 0.04797859457274634)	(88.0, 0.035279983455423436)	(89.0, 0.02880961328771025)	(90.0, 0.02435468658571325)	(91.0, 0.020050933825589142)	(92.0, 0.014546571419221405)	(93.0, 0.008757424906586892)	(94.0, 0.0056869002365960005)	(95.0, 0.004775465640988899)	(96.0, 0.005382043241781788)	(97.0, 0.007833444755637641)	(98.0, 0.013140841943133644)	(99.0, 0.027765823083243477)	(100.0, 0.19672998970906913)
14340-YK-2_1	(0.0, 0.0012336915983479735)	(1.0, 0.0007425537108539935)	(2.0, 0.00019353171519108023)	(3.0, 0.0001257079116800068)	(4.0, 0.00012336915983479735)	(5.0, 0.0001338935431382398)	(6.0, 0.0001350629190608445)	(7.0, 0.00014675667828689164)	(8.0, 0.00015318824586121757)	(9.0, 0.0001678054448937765)	(10.0, 0.00021458048179796507)	(11.0, 0.0002654483344312701)	(12.0, 0.0003326874499810412)	(13.0, 0.00046365755331276916)	(14.0, 0.0007881593718355775)	(15.0, 0.0014213764339260301)	(16.0, 0.0027421865385080547)	(17.0, 0.005040594914387621)	(18.0, 0.008942802368119552)	(19.0, 0.015831011240222622)	(20.0, 0.028152725336708498)	(21.0, 0.04721706100293315)	(22.0, 0.07517508524852796)	(23.0, 0.11291669315059512)	(24.0, 0.16207141005728426)	(25.0, 0.22479556516987856)	(26.0, 0.30269354225419154)	(27.0, 0.40359606717594587)	(28.0, 0.5282760974199832)	(29.0, 0.6610885525177748)	(30.0, 0.8062221370240911)	(31.0, 0.9634336207470302)	(32.0, 1.105098836266901)	(33.0, 1.2495407349149965)	(34.0, 1.4255154400040895)	(35.0, 1.6072101474186036)	(36.0, 1.7908337404174541)	(37.0, 2.001893816000418)	(38.0, 2.2266145411112492)	(39.0, 2.423442142340191)	(40.0, 2.596167736428327)	(41.0, 2.7644812751604753)	(42.0, 2.9423304898535037)	(43.0, 3.091003190589583)	(44.0, 3.1378992579017613)	(45.0, 3.1794021634588865)	(46.0, 3.2798334298838308)	(47.0, 3.3234762933793225)	(48.0, 3.3110323794989247)	(49.0, 3.3036179514616495)	(50.0, 3.270407090571714)	(51.0, 3.2534599100133654)	(52.0, 3.210795814165094)	(53.0, 3.1218905015213028)	(54.0, 3.0723878952776387)	(55.0, 3.014564009968719)	(56.0, 2.885633882933975)	(57.0, 2.765826642159432)	(58.0, 2.6940187748800444)	(59.0, 2.6025700696045875)	(60.0, 2.452563110940816)	(61.0, 2.3249268983644344)	(62.0, 2.180973798851987)	(63.0, 1.9905993986519397)	(64.0, 1.7789107835105764)	(65.0, 1.532101716597664)	(66.0, 1.3291851749397197)	(67.0, 1.1743697424821977)	(68.0, 1.0360658980518542)	(69.0, 0.8737179305888739)	(70.0, 0.7068994389737758)	(71.0, 0.5749347814198725)	(72.0, 0.4862399564421502)	(73.0, 0.4069492526340149)	(74.0, 0.33111580874106045)	(75.0, 0.28651230292514884)	(76.0, 0.26766020898887694)	(77.0, 0.23928471753891226)	(78.0, 0.20120749874705754)	(79.0, 0.16473174028121)	(80.0, 0.13461270933064168)	(81.0, 0.11525836843561106)	(82.0, 0.09288645297229896)	(83.0, 0.07128398686606079)	(84.0, 0.05662702905213329)	(85.0, 0.04808824606527366)	(86.0, 0.041353810126993115)	(87.0, 0.029999754606462644)	(88.0, 0.01896610808872586)	(89.0, 0.015156866020841004)	(90.0, 0.012453853575740206)	(91.0, 0.007658827605099576)	(92.0, 0.00340814612643144)	(93.0, 0.0018031776726564694)	(94.0, 0.0008735238141857215)	(95.0, 0.00044260878670588434)	(96.0, 0.00027655740569601495)	(97.0, 0.00034321183328448363)	(98.0, 0.0012529863010709511)	(99.0, 0.0017464629404101407)	(100.0, 0.0007723727968804138)
14340-YK-2_2	(0.0, 0.0017371598439255005)	(1.0, 0.000999189040369826)	(2.0, 0.0002225626232945685)	(3.0, 0.0001598936741037295)	(4.0, 0.00012592358949561113)	(5.0, 0.00011830960501448115)	(6.0, 0.00012358082503987884)	(7.0, 0.00013939448511607187)	(8.0, 0.00015813660076193024)	(9.0, 0.00017687871640778864)	(10.0, 0.0002202198588388362)	(11.0, 0.0002846458813714745)	(12.0, 0.0003332582438279197)	(13.0, 0.00048319516899478687)	(14.0, 0.0008340241462406987)	(15.0, 0.0016018651966069604)	(16.0, 0.003089520625996971)	(17.0, 0.005271220025397675)	(18.0, 0.009416156038702047)	(19.0, 0.016648855604661592)	(20.0, 0.02881073158548189)	(21.0, 0.048116867774057846)	(22.0, 0.07514299853538567)	(23.0, 0.11381852555284235)	(24.0, 0.1633381235447699)	(25.0, 0.22841192044941813)	(26.0, 0.31054221397402537)	(27.0, 0.40728608648237674)	(28.0, 0.5160430694286094)	(29.0, 0.635015091092949)	(30.0, 0.7610335625490172)	(31.0, 0.8911688568449211)	(32.0, 1.0246923742349276)	(33.0, 1.1749976991124589)	(34.0, 1.3430998341779605)	(35.0, 1.511578568629721)	(36.0, 1.7053392457055165)	(37.0, 1.9217620690527248)	(38.0, 2.118793830999836)	(39.0, 2.2875138701905375)	(40.0, 2.440038964389875)	(41.0, 2.57252580850822)	(42.0, 2.691499587245901)	(43.0, 2.8074869269936378)	(44.0, 2.8884364672325558)	(45.0, 2.991839062015212)	(46.0, 3.099140016852208)	(47.0, 3.1401963782478024)	(48.0, 3.158120283407496)	(49.0, 3.157431510657511)	(50.0, 3.1300117954676203)	(51.0, 3.120963453448468)	(52.0, 3.1560592363775655)	(53.0, 3.1697310240501055)	(54.0, 3.112149387874889)	(55.0, 3.04737780758503)	(56.0, 2.933198496306005)	(57.0, 2.7453632562298704)	(58.0, 2.6315968571861683)	(59.0, 2.5863129773302047)	(60.0, 2.4821630406861694)	(61.0, 2.3596042466401035)	(62.0, 2.2071570493589197)	(63.0, 2.0125231068322496)	(64.0, 1.8373891642528677)	(65.0, 1.6615494638811963)	(66.0, 1.4999010592001234)	(67.0, 1.3484020958323966)	(68.0, 1.1842803175771843)	(69.0, 1.0238483933397502)	(70.0, 0.8928228485506682)	(71.0, 0.778644122962757)	(72.0, 0.6704031338878993)	(73.0, 0.5786434927591183)	(74.0, 0.5138683983225759)	(75.0, 0.43968534752292665)	(76.0, 0.3713674075382031)	(77.0, 0.33323833033004596)	(78.0, 0.3002861768779433)	(79.0, 0.269588934214483)	(80.0, 0.23156411002460595)	(81.0, 0.18821242515350758)	(82.0, 0.15292160708347016)	(83.0, 0.12235497353841691)	(84.0, 0.09821512858655128)	(85.0, 0.07775108106572964)	(86.0, 0.0602354026124471)	(87.0, 0.04441705700734261)	(88.0, 0.03239340412941051)	(89.0, 0.02635844289144411)	(90.0, 0.022200035982519274)	(91.0, 0.01872278783909861)	(92.0, 0.013755541501832199)	(93.0, 0.008082537372276434)	(94.0, 0.005229050265194494)	(95.0, 0.004455352303688902)	(96.0, 0.0050269868308875825)	(97.0, 0.007288340221783185)	(98.0, 0.012199945903225953)	(99.0, 0.02548693451391169)	(100.0, 0.18963389748702317)
14340-YK-3_1	(0.0, 0.0011741881192474765)	(1.0, 0.0007070135626059344)	(2.0, 0.00017789006840486935)	(3.0, 0.00011423611421526756)	(4.0, 0.00010968940320172456)	(5.0, 0.00011935116410550341)	(6.0, 0.00013526465265290385)	(7.0, 0.00014037970254313973)	(8.0, 0.00013981136366644686)	(9.0, 0.00015629319109054018)	(10.0, 0.00018925684593872682)	(11.0, 0.0002779177107028151)	(12.0, 0.00037851369187745363)	(13.0, 0.00048422472294232813)	(14.0, 0.0007615740947684502)	(15.0, 0.0013873151980073038)	(16.0, 0.0028070257119861015)	(17.0, 0.005222465937930814)	(18.0, 0.00904738657807385)	(19.0, 0.015682174624586456)	(20.0, 0.028001488115781178)	(21.0, 0.0474108290937195)	(22.0, 0.07532422468361329)	(23.0, 0.11282606546219254)	(24.0, 0.16174412925690154)	(25.0, 0.22432164961404705)	(26.0, 0.3021522487438759)	(27.0, 0.40337340268287664)	(28.0, 0.5279095223604491)	(29.0, 0.660168799033401)	(30.0, 0.8046308797278258)	(31.0, 0.9581687639441588)	(32.0, 1.0956391397775078)	(33.0, 1.2407775437351969)	(34.0, 1.4165505498243853)	(35.0, 1.5920427965084873)	(36.0, 1.7712650512403247)	(37.0, 1.9790469028648556)	(38.0, 2.2000909421770154)	(39.0, 2.395175534957351)	(40.0, 2.564527448417663)	(41.0, 2.7283136192585222)	(42.0, 2.8977291866730237)	(43.0, 3.044629441148461)	(44.0, 3.099363316668368)	(45.0, 3.1417818570692173)	(46.0, 3.245280344887127)	(47.0, 3.299672648742141)	(48.0, 3.2896335108242387)	(49.0, 3.279934239554598)	(50.0, 3.2454747167829554)	(51.0, 3.2311241601464604)	(52.0, 3.1994608646481475)	(53.0, 3.1200826787570834)	(54.0, 3.0740159711067427)	(55.0, 3.0173230314788753)	(56.0, 2.894485108364861)	(57.0, 2.778356994029083)	(58.0, 2.7052777079084067)	(59.0, 2.6220564145331458)	(60.0, 2.478880484716677)	(61.0, 2.3265832842681644)	(62.0, 2.1695330657938694)	(63.0, 2.0056803993044374)	(64.0, 1.8108737242348047)	(65.0, 1.5679270412926554)	(66.0, 1.3666293679123134)	(67.0, 1.2071540474511697)	(68.0, 1.0654131732983507)	(69.0, 0.9035343477276729)	(70.0, 0.7347132627781917)	(71.0, 0.6008904858554577)	(72.0, 0.5124370647813623)	(73.0, 0.43180341831168423)	(74.0, 0.35405920669111274)	(75.0, 0.30702802796702405)	(76.0, 0.286156351059355)	(77.0, 0.2559747150125799)	(78.0, 0.21502817230236518)	(79.0, 0.17613049124262822)	(80.0, 0.14540154485759793)	(81.0, 0.12498965410117341)	(82.0, 0.10032090515831923)	(83.0, 0.07723100161491787)	(84.0, 0.06124817572456088)	(85.0, 0.051704060968257456)	(86.0, 0.044539581088667096)	(87.0, 0.03232086357864702)	(88.0, 0.020252187532073848)	(89.0, 0.015658304391765354)	(90.0, 0.012639856617649504)	(91.0, 0.007916960552331726)	(92.0, 0.0036964760540104478)	(93.0, 0.0019647474967272632)	(94.0, 0.0009451475519402484)	(95.0, 0.0004734262842851635)	(96.0, 0.00031258638218108035)	(97.0, 0.00045751279573776304)	(98.0, 0.002188673014144255)	(99.0, 0.0033702495387887394)	(100.0, 0.0015822554327129593)
14340-YK-3_2	(0.0, 0.0015790921729649447)	(1.0, 0.0009409658838900698)	(2.0, 0.00025502281668647993)	(3.0, 0.0001815899074173819)	(4.0, 0.00015426603420097331)	(5.0, 0.00014572732382084564)	(6.0, 0.00012808065570191513)	(7.0, 0.00013149613985396618)	(8.0, 0.0001576815183530244)	(9.0, 0.00019297485459088547)	(10.0, 0.0002442071168716515)	(11.0, 0.00032162475765147575)	(12.0, 0.00040131938786600074)	(13.0, 0.0005379387539480435)	(14.0, 0.0008572865221648185)	(15.0, 0.0015335523842709303)	(16.0, 0.0028775453981030263)	(17.0, 0.005066301492209087)	(18.0, 0.009027124613870978)	(19.0, 0.016312921557554587)	(20.0, 0.02846919890206302)	(21.0, 0.047952828247438344)	(22.0, 0.07502167864716043)	(23.0, 0.1138073474304937)	(24.0, 0.16386639090503022)	(25.0, 0.22945108684007354)	(26.0, 0.3115951884389778)	(27.0, 0.4072554993222655)	(28.0, 0.5159481592350628)	(29.0, 0.6360991992306325)	(30.0, 0.7620651009950694)	(31.0, 0.8905749692054257)	(32.0, 1.021350441903309)	(33.0, 1.1682287838833958)	(34.0, 1.333178452511985)	(35.0, 1.500306630782224)	(36.0, 1.6880654718255685)	(37.0, 1.8951821385480219)	(38.0, 2.0866348257018097)	(39.0, 2.2566280259282605)	(40.0, 2.4082766607740456)	(41.0, 2.537168493962073)	(42.0, 2.657538694190733)	(43.0, 2.7688396455009796)	(44.0, 2.8512547088426135)	(45.0, 2.9601443283415123)	(46.0, 3.064707098667121)	(47.0, 3.1116728519946166)	(48.0, 3.1381952249300107)	(49.0, 3.1368483856793845)	(50.0, 3.1102884424183186)	(51.0, 3.102916119876116)	(52.0, 3.1431442614663325)	(53.0, 3.17043397984122)	(54.0, 3.1163429573251875)	(55.0, 3.0480679983730457)	(56.0, 2.9401392684155905)	(57.0, 2.7567027225666663)	(58.0, 2.6419606709732277)	(59.0, 2.5994037384386717)	(60.0, 2.5011169202424566)	(61.0, 2.3858847466731987)	(62.0, 2.237960128047867)	(63.0, 2.042752116068899)	(64.0, 1.8648964713244263)	(65.0, 1.6891823351432893)	(66.0, 1.529045652932299)	(67.0, 1.3785986992606776)	(68.0, 1.214685630072236)	(69.0, 1.0497678392957326)	(70.0, 0.9128684035132216)	(71.0, 0.7964920427530269)	(72.0, 0.6871720722509695)	(73.0, 0.5950223098286318)	(74.0, 0.5290027089115605)	(75.0, 0.45177519674953387)	(76.0, 0.38317007432936)	(77.0, 0.3446804141725378)	(78.0, 0.31014930014794284)	(79.0, 0.27754679617453937)	(80.0, 0.238333622624841)	(81.0, 0.19524273606784737)	(82.0, 0.15995395380885571)	(83.0, 0.12860948649812437)	(84.0, 0.10349713927016886)	(85.0, 0.08214979407249101)	(86.0, 0.0633492615575259)	(87.0, 0.04669820706891825)	(88.0, 0.03431423078093975)	(89.0, 0.02805934080381689)	(90.0, 0.023671582163148616)	(91.0, 0.01956617021238323)	(92.0, 0.014260215582171892)	(93.0, 0.008465277470858576)	(94.0, 0.005375972055328384)	(95.0, 0.004450375850122544)	(96.0, 0.0050019765406787925)	(97.0, 0.0071691012351551954)	(98.0, 0.011766342903815936)	(99.0, 0.024382572114133912)	(100.0, 0.177138393072542)
14340-YK-4_1	(0.0, 0.0016352000083996669)	(1.0, 0.0009839013516168085)	(2.0, 0.0002317788814173872)	(3.0, 0.0001355906456291715)	(4.0, 0.0001413851176646062)	(5.0, 0.00015123572012484514)	(6.0, 0.00017093692504532306)	(7.0, 0.00017673139708075775)	(8.0, 0.00017673139708075775)	(9.0, 0.0001941148131870618)	(10.0, 0.0002225077261606917)	(11.0, 0.00027523742168314734)	(12.0, 0.0003505655581437981)	(13.0, 0.0005058574086934475)	(14.0, 0.0008517873892088979)	(15.0, 0.001518151673283886)	(16.0, 0.0029528629492575125)	(17.0, 0.005319904775732579)	(18.0, 0.00914947134395136)	(19.0, 0.01594001312227726)	(20.0, 0.02844100709152404)	(21.0, 0.048130043620727536)	(22.0, 0.07619267168833768)	(23.0, 0.11429480200454198)	(24.0, 0.16356751551065724)	(25.0, 0.22594095084168675)	(26.0, 0.3051450096468399)	(27.0, 0.40813132002702746)	(28.0, 0.5362418817056563)	(29.0, 0.6723725721285304)	(30.0, 0.8206797660866669)	(31.0, 0.981333241610704)	(32.0, 1.1252592352628483)	(33.0, 1.2728838404152105)	(34.0, 1.4504473236802569)	(35.0, 1.631654950408388)	(36.0, 1.8180671719187462)	(37.0, 2.028998122399843)	(38.0, 2.251744001361191)	(39.0, 2.4459747039889614)	(40.0, 2.618647652856101)	(41.0, 2.7871254039695854)	(42.0, 2.9541446864717513)	(43.0, 3.097491812367555)	(44.0, 3.1425183367661043)	(45.0, 3.181793847669484)	(46.0, 3.2801295147940315)	(47.0, 3.3015713791139545)	(48.0, 3.276129590747971)	(49.0, 3.276768141566276)	(50.0, 3.253269239673774)	(51.0, 3.2320788554401894)	(52.0, 3.1807357770758133)	(53.0, 3.0993037437730355)	(54.0, 3.058968423934375)	(55.0, 3.0087245569151206)	(56.0, 2.883409827993589)	(57.0, 2.7556903931773524)	(58.0, 2.6707075074112603)	(59.0, 2.5786762258612654)	(60.0, 2.4487751723236872)	(61.0, 2.3080407738686604)	(62.0, 2.1526515761888154)	(63.0, 1.9905245664261673)	(64.0, 1.8046958482497772)	(65.0, 1.5709613325204308)	(66.0, 1.3608595709876046)	(67.0, 1.1900599749295213)	(68.0, 1.0354113107758052)	(69.0, 0.872537973014993)	(70.0, 0.7095568580743218)	(71.0, 0.5750758538399361)	(72.0, 0.48098347858693713)	(73.0, 0.3992669367072195)	(74.0, 0.32563310386972977)	(75.0, 0.27834789427176865)	(76.0, 0.2530237336881049)	(77.0, 0.22338558867406005)	(78.0, 0.18839856652410547)	(79.0, 0.15528953276083524)	(80.0, 0.12648115614226466)	(81.0, 0.10564249636123091)	(82.0, 0.08465607754329359)	(83.0, 0.06597817638427345)	(84.0, 0.05208708857372588)	(85.0, 0.04301410426064226)	(86.0, 0.03582780004229617)	(87.0, 0.02579293337133039)	(88.0, 0.016206558835907256)	(89.0, 0.012054819622518309)	(90.0, 0.009265360784660054)	(91.0, 0.0055632726012208355)	(92.0, 0.0026104096519633233)	(93.0, 0.001402841679778736)	(94.0, 0.0006368124766942714)	(95.0, 0.0003059481234709511)	(96.0, 0.0002138160181075397)	(97.0, 0.0003407149556835592)	(98.0, 0.0013240368600968243)	(99.0, 0.0018501749209142932)	(100.0, 0.0007967399048722686)
14340-YK-4_2	(0.0, 0.0020250847150762702)	(1.0, 0.00116349477322616)	(2.0, 0.0002577802790980115)	(3.0, 0.00019101286446676977)	(4.0, 0.00015153300190220946)	(5.0, 0.00014456596733199292)	(6.0, 0.0001538553467589483)	(7.0, 0.0001538553467589483)	(8.0, 0.00015733886404405655)	(9.0, 0.00017417586425541316)	(10.0, 0.00021713924410508175)	(11.0, 0.0003030660038044189)	(12.0, 0.00037912279786261595)	(13.0, 0.0005498151448329209)	(14.0, 0.0009179068046260273)	(15.0, 0.0015571322264433937)	(16.0, 0.0029598285199136545)	(17.0, 0.005256046997014184)	(18.0, 0.009350921565658948)	(19.0, 0.016711013002878524)	(20.0, 0.028494590805971404)	(21.0, 0.047888492704597475)	(22.0, 0.07556503753478264)	(23.0, 0.11369561773757768)	(24.0, 0.16336360718865128)	(25.0, 0.2289657852880243)	(26.0, 0.3124831121984949)	(27.0, 0.4107513930527565)	(28.0, 0.5203672314632581)	(29.0, 0.6407407518363885)	(30.0, 0.7689533472734406)	(31.0, 0.9034571749273983)	(32.0, 1.0398049443976065)	(33.0, 1.1908107740173364)	(34.0, 1.3607959669787644)	(35.0, 1.533719506770181)	(36.0, 1.7267313295723885)	(37.0, 1.939992838352931)	(38.0, 2.1372255229322614)	(39.0, 2.309971403342138)	(40.0, 2.4656521131584825)	(41.0, 2.598238264546988)	(42.0, 2.7173397205248397)	(43.0, 2.829314480723574)	(44.0, 2.905770137510916)	(45.0, 2.9965186657190572)	(46.0, 3.0939387101143945)	(47.0, 3.1313156894111778)	(48.0, 3.1415102027460473)	(49.0, 3.1365229671662007)	(50.0, 3.110970206707503)	(51.0, 3.0997399275665285)	(52.0, 3.1310910025462886)	(53.0, 3.1527805423358006)	(54.0, 3.093722151456504)	(55.0, 3.0142160946998358)	(56.0, 2.8953491955525146)	(57.0, 2.7219815073072464)	(58.0, 2.6181988185906584)	(59.0, 2.5699532653643375)	(60.0, 2.4740473898155932)	(61.0, 2.356555318823462)	(62.0, 2.2130657583325672)	(63.0, 2.027774571006588)	(64.0, 1.8501715063288424)	(65.0, 1.6742341434995929)	(66.0, 1.5067866928803666)	(67.0, 1.3531235201583134)	(68.0, 1.193302069462403)	(69.0, 1.0327200508259107)	(70.0, 0.8955629441731289)	(71.0, 0.7747986892778522)	(72.0, 0.6651822702811364)	(73.0, 0.5728922856743347)	(74.0, 0.5053910100683636)	(75.0, 0.43327813816312316)	(76.0, 0.36791109748049505)	(77.0, 0.3265687143408301)	(78.0, 0.2910635449985784)	(79.0, 0.25952494067163656)	(80.0, 0.22148260957339755)	(81.0, 0.179254832457101)	(82.0, 0.14505075682083715)	(83.0, 0.11602492962888673)	(84.0, 0.09243571174656195)	(85.0, 0.07152067396677193)	(86.0, 0.053357034256003265)	(87.0, 0.038669364209558466)	(88.0, 0.028037088869193857)	(89.0, 0.021982735827675695)	(90.0, 0.01785070374132311)	(91.0, 0.014414794525777994)	(92.0, 0.010554476787663853)	(93.0, 0.006863109637877464)	(94.0, 0.005089418753543172)	(95.0, 0.0047712575081699515)	(96.0, 0.00588772479804715)	(97.0, 0.008713437902484137)	(98.0, 0.014473433733410649)	(99.0, 0.030632309246599515)	(100.0, 0.2183021582920937)
14340-YK-5_1	(0.0, 0.0014064586348632347)	(1.0, 0.0008513380226539498)	(2.0, 0.00022962589956950768)	(3.0, 0.00013088676275461937)	(4.0, 0.00012801643901000053)	(5.0, 0.00015212715846479885)	(6.0, 0.0001509790289669513)	(7.0, 0.00016475658294112176)	(8.0, 0.00017968226641313975)	(9.0, 0.00019690420888085285)	(10.0, 0.0002411071945479831)	(11.0, 0.00029506928094681737)	(12.0, 0.0003323834896268624)	(13.0, 0.0004098822307315712)	(14.0, 0.0006550078785220207)	(15.0, 0.0012583499296409022)	(16.0, 0.0025517178089661543)	(17.0, 0.004726849142638316)	(18.0, 0.008212570298103444)	(19.0, 0.01439409951451459)	(20.0, 0.025901227406691547)	(21.0, 0.04428737318522202)	(22.0, 0.06993543803763819)	(23.0, 0.10458196782943445)	(24.0, 0.1510582499023028)	(25.0, 0.21024662177533912)	(26.0, 0.2840966073358885)	(27.0, 0.3810951798320399)	(28.0, 0.5038239084397036)	(29.0, 0.6365826963405634)	(30.0, 0.7831253529278319)	(31.0, 0.9391102265053984)	(32.0, 1.079740016178752)	(33.0, 1.2271655843498652)	(34.0, 1.4031858917296203)	(35.0, 1.5849525872461023)	(36.0, 1.7711568032717648)	(37.0, 1.982730662746616)	(38.0, 2.2066480624528255)	(39.0, 2.4066769057620707)	(40.0, 2.588222586350217)	(41.0, 2.7617698227916083)	(42.0, 2.9357091454565145)	(43.0, 3.0845578201402097)	(44.0, 3.137021023479604)	(45.0, 3.180905977275831)	(46.0, 3.2824121061805314)	(47.0, 3.3144104752855426)	(48.0, 3.295969219291115)	(49.0, 3.3008837876066517)	(50.0, 3.28086614981168)	(51.0, 3.264750430115143)	(52.0, 3.217328089336048)	(53.0, 3.138775939417064)	(54.0, 3.1016098394422413)	(55.0, 3.048565108512187)	(56.0, 2.9224872861593023)	(57.0, 2.7923933068229467)	(58.0, 2.7003529315632497)	(59.0, 2.5987153418310456)	(60.0, 2.455305930643403)	(61.0, 2.304963539483008)	(62.0, 2.1536704970983953)	(63.0, 2.0055824582070243)	(64.0, 1.8379136447946123)	(65.0, 1.6181300853454026)	(66.0, 1.408926539218858)	(67.0, 1.2291885885250726)	(68.0, 1.0623889091425311)	(69.0, 0.889674640651828)	(70.0, 0.7209742328855999)	(71.0, 0.5829409380716286)	(72.0, 0.4867925554686332)	(73.0, 0.40205830226848915)	(74.0, 0.3267358406269503)	(75.0, 0.2807607170798924)	(76.0, 0.25620394931518037)	(77.0, 0.22691229550134503)	(78.0, 0.19263603747260463)	(79.0, 0.1597025168915969)	(80.0, 0.12993209307715917)	(81.0, 0.10755677135835741)	(82.0, 0.0852526336684222)	(83.0, 0.06665006547954745)	(84.0, 0.05376345999570668)	(85.0, 0.04547970566873669)	(86.0, 0.037973235011809485)	(87.0, 0.026959802803706974)	(88.0, 0.017130666172634198)	(89.0, 0.013322894693022837)	(90.0, 0.010447404365663677)	(91.0, 0.006486357598089669)	(92.0, 0.003097653385192659)	(93.0, 0.0016722506136149398)	(94.0, 0.0008473195694114834)	(95.0, 0.00043801140342883594)	(96.0, 0.0003605126623241271)	(97.0, 0.0007256178426396443)	(98.0, 0.003331871802753557)	(99.0, 0.004675183315235177)	(100.0, 0.0019587089233279007)
14340-YK-5_2	(0.0, 0.0019743897601059487)	(1.0, 0.0011350439967042648)	(2.0, 0.0002421964128801295)	(3.0, 0.00016165603805063275)	(4.0, 0.00012943988811883405)	(5.0, 0.000127138734552277)	(6.0, 0.00013116575329375185)	(7.0, 0.0001288645997271948)	(8.0, 0.00013749392560178373)	(9.0, 0.00015015027021784752)	(10.0, 0.00018581815049948178)	(11.0, 0.0002421964128801295)	(12.0, 0.0003158333270099551)	(13.0, 0.0004700106159692774)	(14.0, 0.0007904462501123466)	(15.0, 0.0014646842451135622)	(16.0, 0.002758507837910263)	(17.0, 0.004755333845290144)	(18.0, 0.008381951866184055)	(19.0, 0.014840139350726415)	(20.0, 0.025507136708501618)	(21.0, 0.043006834293776344)	(22.0, 0.06815441575750343)	(23.0, 0.1030939809353224)	(24.0, 0.14870457048965804)	(25.0, 0.2101240850462406)	(26.0, 0.2878403691611802)	(27.0, 0.38052680780335674)	(28.0, 0.4867601374918546)	(29.0, 0.6046769991261542)	(30.0, 0.7298315640156674)	(31.0, 0.8601689020254587)	(32.0, 0.9929696249282494)	(33.0, 1.1423576380271747)	(34.0, 1.3088599054889767)	(35.0, 1.4797240095361874)	(36.0, 1.6718248845607617)	(37.0, 1.8822676793759703)	(38.0, 2.081895052428361)	(39.0, 2.258597183073927)	(40.0, 2.4171656483266317)	(41.0, 2.5545611996134454)	(42.0, 2.680100632436965)	(43.0, 2.796835851714838)	(44.0, 2.8827666787739945)	(45.0, 2.9886715187908663)	(46.0, 3.099023913363501)	(47.0, 3.144960116147505)	(48.0, 3.1581762163686333)	(49.0, 3.1591501796156787)	(50.0, 3.1447121668507085)	(51.0, 3.1378092814394285)	(52.0, 3.172269056098621)	(53.0, 3.196732044376297)	(54.0, 3.139941300218844)	(55.0, 3.0680072397282703)	(56.0, 2.949314889342041)	(57.0, 2.76984907326304)	(58.0, 2.6645574906716556)	(59.0, 2.6172216112307938)	(60.0, 2.5186516982073224)	(61.0, 2.3990360099525123)	(62.0, 2.247700070359496)	(63.0, 2.0564575256152478)	(64.0, 1.8769537405023986)	(65.0, 1.6974085346253511)	(66.0, 1.5295531888664138)	(67.0, 1.3712873253077111)	(68.0, 1.208447343747085)	(69.0, 1.0435765941639719)	(70.0, 0.9002250821585173)	(71.0, 0.7803602940301271)	(72.0, 0.6730805147572374)	(73.0, 0.5819525323680117)	(74.0, 0.5133534186837712)	(75.0, 0.4373066214813686)	(76.0, 0.3704132378783385)	(77.0, 0.33042666764066825)	(78.0, 0.2958581634754566)	(79.0, 0.265893692308534)	(80.0, 0.22732060564912143)	(81.0, 0.1826770758811314)	(82.0, 0.14825584554417942)	(83.0, 0.11954492778263874)	(84.0, 0.09622618811593288)	(85.0, 0.0749031238798236)	(86.0, 0.0561786373087489)	(87.0, 0.04090933281785959)	(88.0, 0.029985756837413276)	(89.0, 0.024059135826745594)	(90.0, 0.019760580964417025)	(91.0, 0.015914202777916917)	(92.0, 0.011546613308591637)	(93.0, 0.00737117016207387)	(94.0, 0.005251232438883188)	(95.0, 0.004727720002491459)	(96.0, 0.005556710574843636)	(97.0, 0.0082214464049167)	(98.0, 0.013741913811087062)	(99.0, 0.02890709110308966)	(100.0, 0.23375808275156482)
14340-YK-6_1	(0.0, 0.001799361655742991)	(1.0, 0.0010925180770152726)	(2.0, 0.0002736387725526134)	(3.0, 0.00015956603362249166)	(4.0, 0.00017110910839518255)	(5.0, 0.00019623227113574506)	(6.0, 0.00019215824474538355)	(7.0, 0.00021117036790040385)	(8.0, 0.0002274664734618498)	(9.0, 0.00021320738109558462)	(10.0, 0.00024104656142972145)	(11.0, 0.0002946879089028144)	(12.0, 0.00036598337073414044)	(13.0, 0.0004936361976321338)	(14.0, 0.0007896821153317353)	(15.0, 0.001388563994714874)	(16.0, 0.0026712033032803497)	(17.0, 0.004791055035065111)	(18.0, 0.008213237202968762)	(19.0, 0.014313412718136697)	(20.0, 0.025725439641937624)	(21.0, 0.04402460817864465)	(22.0, 0.06986955259469954)	(23.0, 0.10508679472178103)	(24.0, 0.15153544860269078)	(25.0, 0.21104407308230266)	(26.0, 0.286775470648334)	(27.0, 0.38544838982288926)	(28.0, 0.509056387519652)	(29.0, 0.6418261915639394)	(30.0, 0.7886228684702413)	(31.0, 0.9504160365194639)	(32.0, 1.0978353604590927)	(33.0, 1.2467192968860568)	(34.0, 1.4248723969101742)	(35.0, 1.6086408633090066)	(36.0, 1.7974176661503902)	(37.0, 2.0148946269030734)	(38.0, 2.237836894058427)	(39.0, 2.434286446601658)	(40.0, 2.6179639264111056)	(41.0, 2.792218862184046)	(42.0, 2.966718918544806)	(43.0, 3.119437192809498)	(44.0, 3.1641401263821383)	(45.0, 3.2006013045670767)	(46.0, 3.2993957655289443)	(47.0, 3.317094015173073)	(48.0, 3.290142972592035)	(49.0, 3.293469415139765)	(50.0, 3.2753610468390066)	(51.0, 3.248759691523141)	(52.0, 3.190329326028179)	(53.0, 3.1146359527084573)	(54.0, 3.071412569719917)	(55.0, 3.0176646185562763)	(56.0, 2.8897069186834043)	(57.0, 2.750092071298911)	(58.0, 2.6565266232090727)	(59.0, 2.5694959134493733)	(60.0, 2.4500155834904453)	(61.0, 2.311701029528876)	(62.0, 2.160853412381758)	(63.0, 2.00649330548175)	(64.0, 1.8282763790441834)	(65.0, 1.597731299640017)	(66.0, 1.3805048915103408)	(67.0, 1.2000452135448803)	(68.0, 1.0357791114767083)	(69.0, 0.8706201186246485)	(70.0, 0.713947322743712)	(71.0, 0.5822062103629909)	(72.0, 0.4841287780458268)	(73.0, 0.3999186525570549)	(74.0, 0.32922207260511194)	(75.0, 0.28346736121936045)	(76.0, 0.2563818757674405)	(77.0, 0.22676777793590283)	(78.0, 0.19264780691662534)	(79.0, 0.16042361617766274)	(80.0, 0.13097112139294276)	(81.0, 0.10710140077181479)	(82.0, 0.08563196069900814)	(83.0, 0.06742717377367782)	(84.0, 0.053516410663788525)	(85.0, 0.044705649590233404)	(86.0, 0.037115738424989955)	(87.0, 0.026475060497764134)	(88.0, 0.017013813210547974)	(89.0, 0.01293910781578809)	(90.0, 0.009918217247335045)	(91.0, 0.0061422737878683385)	(92.0, 0.0030405816960064583)	(93.0, 0.001704980044366283)	(94.0, 0.0009261619994088452)	(95.0, 0.0004882041624449851)	(96.0, 0.0003646253619373533)	(97.0, 0.0006165359937413719)	(98.0, 0.0025734266699116736)	(99.0, 0.003535575902435379)	(100.0, 0.0014591804521478069)
14340-YK-6_2	(0.0, 0.0021993116141029827)	(1.0, 0.0012787328827508983)	(2.0, 0.0002907449099758433)	(3.0, 0.00018860969569861494)	(4.0, 0.00014162749713108992)	(5.0, 0.00014162749713108992)	(6.0, 0.00015388372284435732)	(7.0, 0.00015047921570178303)	(8.0, 0.0001450320042736642)	(9.0, 0.000169544455700199)	(10.0, 0.00023491099283762514)	(11.0, 0.00031389555854534833)	(12.0, 0.00035951595425584364)	(13.0, 0.0004861636199596067)	(14.0, 0.0008436368699299058)	(15.0, 0.0014836842127338699)	(16.0, 0.0026766235154918965)	(17.0, 0.004692091743895868)	(18.0, 0.00837644937358975)	(19.0, 0.0150431552601787)	(20.0, 0.025627087065013616)	(21.0, 0.042680263342168165)	(22.0, 0.06733774677297662)	(23.0, 0.10245047163863069)	(24.0, 0.14906770704047173)	(25.0, 0.21077644170391605)	(26.0, 0.2891706658731169)	(27.0, 0.3837233618424038)	(28.0, 0.4921984493205339)	(29.0, 0.6131333520390574)	(30.0, 0.7418121467040804)	(31.0, 0.8766762499457322)	(32.0, 1.015453493697059)	(33.0, 1.1671753545058816)	(34.0, 1.3355268709033226)	(35.0, 1.5089810626060538)	(36.0, 1.704414071519816)	(37.0, 1.9207378171618428)	(38.0, 2.1234122127678603)	(39.0, 2.30206644868016)	(40.0, 2.4610051837298115)	(41.0, 2.596603979612831)	(42.0, 2.725179958162148)	(43.0, 2.844821148166493)	(44.0, 2.9236933651385115)	(45.0, 3.014803423485227)	(46.0, 3.111276261482926)	(47.0, 3.144110009267341)	(48.0, 3.146229655414307)	(49.0, 3.1456399947772136)	(50.0, 3.130411634328479)	(51.0, 3.114741368852638)	(52.0, 3.1390223137934776)	(53.0, 3.1571771885819695)	(54.0, 3.1007958266952254)	(55.0, 3.022892532455984)	(56.0, 2.895709678229408)	(57.0, 2.724049661790813)	(58.0, 2.6176486000639394)	(59.0, 2.5648957618897508)	(60.0, 2.4792431284925818)	(61.0, 2.3631065381408023)	(62.0, 2.2156661855144812)	(63.0, 2.0349154541037846)	(64.0, 1.857866102858495)	(65.0, 1.6806512925660761)	(66.0, 1.5099261537888324)	(67.0, 1.350949288259184)	(68.0, 1.1938891602508048)	(69.0, 1.0370108329238392)	(70.0, 0.8971768301554575)	(71.0, 0.7758483664112523)	(72.0, 0.6696760875643595)	(73.0, 0.5778068241248496)	(74.0, 0.5093387809805384)	(75.0, 0.4382540336464445)	(76.0, 0.3727206756590322)	(77.0, 0.33096575735821576)	(78.0, 0.2964222660868001)	(79.0, 0.2675139150377734)	(80.0, 0.22825722407817794)	(81.0, 0.18168288546633332)	(82.0, 0.1472129315491973)	(83.0, 0.11886768598155237)	(84.0, 0.09524517272208649)	(85.0, 0.07429383576668439)	(86.0, 0.055816894602505274)	(87.0, 0.04072539534090201)	(88.0, 0.02993583130465562)	(89.0, 0.023706945036601722)	(90.0, 0.019231379946973576)	(91.0, 0.015578343782991376)	(92.0, 0.01160324124332165)	(93.0, 0.008079576350757275)	(94.0, 0.006535972812314097)	(95.0, 0.00654754813659885)	(96.0, 0.0080074007993347)	(97.0, 0.011548088227611946)	(98.0, 0.019093837858413575)	(99.0, 0.03949364465671864)	(100.0, 0.30708994876734236)
14340-YK-7_1	(0.0, 0.0017643355685351273)	(1.0, 0.0010641929642984974)	(2.0, 0.00025816643180857896)	(3.0, 0.00014454940767162373)	(4.0, 0.00013919572590600802)	(5.0, 0.00014752367531918798)	(6.0, 0.00016893840238165077)	(7.0, 0.00018083547297190785)	(8.0, 0.00017667149826531788)	(9.0, 0.000180240619442395)	(10.0, 0.00021890609886073055)	(11.0, 0.0002819605729890932)	(12.0, 0.0003450150471174558)	(13.0, 0.0004806416518463867)	(14.0, 0.0007786632701323271)	(15.0, 0.0013913624055305674)	(16.0, 0.0027619049375281848)	(17.0, 0.0050616086826248815)	(18.0, 0.008755054247370197)	(19.0, 0.015431095409092967)	(20.0, 0.02727165491404634)	(21.0, 0.04621595526844223)	(22.0, 0.07310333480242327)	(23.0, 0.10940010746623863)	(24.0, 0.15838153679338612)	(25.0, 0.22042535477510639)	(26.0, 0.29773668344530363)	(27.0, 0.39903964466781333)	(28.0, 0.5248856676644937)	(29.0, 0.6608120785722992)	(30.0, 0.8093719887398985)	(31.0, 0.9692924116141345)	(32.0, 1.1154544672042677)	(33.0, 1.2659934550645562)	(34.0, 1.444720172274341)	(35.0, 1.6288713588197536)	(36.0, 1.816865299165819)	(37.0, 2.0309947241845614)	(38.0, 2.2541230933977743)	(39.0, 2.4528969694056717)	(40.0, 2.6339323131634957)	(41.0, 2.8056468969673833)	(42.0, 2.981053141775427)	(43.0, 3.1299687743536753)	(44.0, 3.1717613987766597)	(45.0, 3.208859439144729)	(46.0, 3.3077478898909463)	(47.0, 3.3280395334896884)	(48.0, 3.303612468153773)	(49.0, 3.3039253611102963)	(50.0, 3.278746400913076)	(51.0, 3.2546363925083908)	(52.0, 3.1972413548598135)	(53.0, 3.1143348338910184)	(54.0, 3.0708266518889187)	(55.0, 3.0137343946868635)	(56.0, 2.8853578647756355)	(57.0, 2.7567606442049577)	(58.0, 2.6796997488706857)	(59.0, 2.596379804698879)	(60.0, 2.4620874564366453)	(61.0, 2.305717119426542)	(62.0, 2.129200877932427)	(63.0, 1.9508078735526992)	(64.0, 1.7624064585389172)	(65.0, 1.5330285581446423)	(66.0, 1.3288760165228894)	(67.0, 1.163583471423623)	(68.0, 1.0105228994517295)	(69.0, 0.8504769624827664)	(70.0, 0.695235062618149)	(71.0, 0.5658918957214624)	(72.0, 0.4726789425003276)	(73.0, 0.392250581335483)	(74.0, 0.3189170382171383)	(75.0, 0.2729907766175689)	(76.0, 0.2500062310907217)	(77.0, 0.22239431995779396)	(78.0, 0.18928536735863796)	(79.0, 0.15669691159780574)	(80.0, 0.1273248288710495)	(81.0, 0.10555437939793805)	(82.0, 0.08389695209543402)	(83.0, 0.0652566218946192)	(84.0, 0.05239588858655128)	(85.0, 0.04446649103814492)	(86.0, 0.03748112604107547)	(87.0, 0.02656556377451458)	(88.0, 0.01678260262814617)	(89.0, 0.013015990079270776)	(90.0, 0.010100612931128275)	(91.0, 0.006251910595180104)	(92.0, 0.0030283993187499437)	(93.0, 0.0016822457814623536)	(94.0, 0.0008994185366234365)	(95.0, 0.00045744236419538535)	(96.0, 0.0002789863053415289)	(97.0, 0.00032300546652548015)	(98.0, 0.0010701414995936257)	(99.0, 0.0015311529849660883)	(100.0, 0.00072929042718276)
14340-YK-7_2	(0.0, 0.0019722615718945)	(1.0, 0.0011202779605773172)	(2.0, 0.00022954072103367062)	(3.0, 0.00017349701252155364)	(4.0, 0.00014845620659060776)	(5.0, 0.00014845620659060776)	(6.0, 0.0001389168519502474)	(7.0, 0.00013474338429508978)	(8.0, 0.00016395765788119332)	(9.0, 0.00019078709280720676)	(10.0, 0.0002307331403637157)	(11.0, 0.0002915465261960128)	(12.0, 0.0003493788637031974)	(13.0, 0.00048531466732833217)	(14.0, 0.0008335011117014846)	(15.0, 0.0015650503706841179)	(16.0, 0.002839746634502268)	(17.0, 0.004889515462849696)	(18.0, 0.0088209219940082)	(19.0, 0.01573516547927438)	(20.0, 0.02690455734380629)	(21.0, 0.045439523410026425)	(22.0, 0.07156066125399313)	(23.0, 0.1080749259786324)	(24.0, 0.15554513950772555)	(25.0, 0.21982369591313355)	(26.0, 0.3017458849355531)	(27.0, 0.3971507593227919)	(28.0, 0.505931597544811)	(29.0, 0.6274653605016618)	(30.0, 0.7562418784692062)	(31.0, 0.890217940925412)	(32.0, 1.0264345593027724)	(33.0, 1.178404229449358)	(34.0, 1.3473283138401888)	(35.0, 1.5204878716913397)	(36.0, 1.7174004225969879)	(37.0, 1.9344517435677666)	(38.0, 2.1345253981173644)	(39.0, 2.309188596743702)	(40.0, 2.46519699116115)	(41.0, 2.598933377332017)	(42.0, 2.7250400684195903)	(43.0, 2.8395987745053426)	(44.0, 2.9173934040168112)	(45.0, 3.0138529733014745)	(46.0, 3.1142922421001638)	(47.0, 3.1535359546712765)	(48.0, 3.1634759622065314)	(49.0, 3.1602242346934992)	(50.0, 3.1345615820819344)	(51.0, 3.1217299576713198)	(52.0, 3.151640007936505)	(53.0, 3.1667759827024313)	(54.0, 3.108203749000954)	(55.0, 3.028782063313639)	(56.0, 2.9025722279540163)	(57.0, 2.7221108903353346)	(58.0, 2.613639484929462)	(59.0, 2.5664190832500133)	(60.0, 2.4674065441797235)	(61.0, 2.3450219900308857)	(62.0, 2.197974030669061)	(63.0, 2.0108566083500676)	(64.0, 1.8328629825349143)	(65.0, 1.656358688462987)	(66.0, 1.4919270438981007)	(67.0, 1.338598015715264)	(68.0, 1.1816458213980852)	(69.0, 1.02332890315767)	(70.0, 0.8871868109884374)	(71.0, 0.7710493417097055)	(72.0, 0.6635116006392584)	(73.0, 0.5719952056872966)	(74.0, 0.50590417190022)	(75.0, 0.4339571667832922)	(76.0, 0.3676145325175762)	(77.0, 0.32761661472021036)	(78.0, 0.2937507133276011)	(79.0, 0.26452749659652225)	(80.0, 0.22732759075710704)	(81.0, 0.18330525772083914)	(82.0, 0.1489415212579361)	(83.0, 0.11995738460253125)	(84.0, 0.09584368470069539)	(85.0, 0.07453217022446537)	(86.0, 0.0561367172198605)	(87.0, 0.04085526729566826)	(88.0, 0.030139590986218486)	(89.0, 0.024247847076465934)	(90.0, 0.019940232246678218)	(91.0, 0.01623300054956818)	(92.0, 0.011839531528017224)	(93.0, 0.0077083947590761755)	(94.0, 0.005903071893387982)	(95.0, 0.005520901498108546)	(96.0, 0.006470663494489421)	(97.0, 0.009395071901424887)	(98.0, 0.015865139186249287)	(99.0, 0.03297576036273062)	(100.0, 0.25100307655515136)
14340-YK-8_1	(0.0, 0.0014216157397621014)	(1.0, 0.0008375761524076075)	(2.0, 0.00019985407806482678)	(3.0, 0.00013517638289821618)	(4.0, 0.0001254747286232246)	(5.0, 0.00013841026765654672)	(6.0, 0.00015393291449653326)	(7.0, 0.00016492812267485707)	(8.0, 0.00016040068401319433)	(9.0, 0.00017010233828818592)	(10.0, 0.0002082621784364862)	(11.0, 0.00024836234943978474)	(12.0, 0.00033179657620471245)	(13.0, 0.0004941375910729051)	(14.0, 0.0007910082118876478)	(15.0, 0.00143843194050542)	(16.0, 0.002898207520415822)	(17.0, 0.005159986520392195)	(18.0, 0.008993433512917206)	(19.0, 0.015915240449647875)	(20.0, 0.028276441549890494)	(21.0, 0.04757303190284877)	(22.0, 0.07576409889511934)	(23.0, 0.11373184628877477)	(24.0, 0.16365591241092986)	(25.0, 0.22732851619465133)	(26.0, 0.3075282114242968)	(27.0, 0.41177507371688815)	(28.0, 0.5405936391802265)	(29.0, 0.6792335126546147)	(30.0, 0.8317254081028359)	(31.0, 0.9949350444171161)	(32.0, 1.1417404769062889)	(33.0, 1.2934762900980123)	(34.0, 1.4729245553377737)	(35.0, 1.654421809960413)	(36.0, 1.8414819931443325)	(37.0, 2.0586392949970826)	(38.0, 2.283693096652724)	(39.0, 2.4792984969220564)	(40.0, 2.655935869529877)	(41.0, 2.8237240398850014)	(42.0, 2.9939550867865687)	(43.0, 3.138459286881713)	(44.0, 3.178673290628505)	(45.0, 3.2151579784719906)	(46.0, 3.3077932541513198)	(47.0, 3.323822327344461)	(48.0, 3.296775408779688)	(49.0, 3.288587859348547)	(50.0, 3.255552432988297)	(51.0, 3.229395479509016)	(52.0, 3.171611779870215)	(53.0, 3.0848427711424966)	(54.0, 3.0365155973140054)	(55.0, 2.9751157677384383)	(56.0, 2.8461005820817937)	(57.0, 2.715555122157507)	(58.0, 2.6233687096826332)	(59.0, 2.5246938308286455)	(60.0, 2.3863870474843654)	(61.0, 2.2577961475080133)	(62.0, 2.1450467554088193)	(63.0, 1.991695293391834)	(64.0, 1.7708319596060371)	(65.0, 1.5195927462852414)	(66.0, 1.315277200807822)	(67.0, 1.1547316387574542)	(68.0, 1.0115255200043034)	(69.0, 0.8544201645598479)	(70.0, 0.6949482522492461)	(71.0, 0.5655650505071032)	(72.0, 0.4767114796641652)	(73.0, 0.3978512595014202)	(74.0, 0.32332573846874146)	(75.0, 0.27872076599708845)	(76.0, 0.2578052929341099)	(77.0, 0.23006438270019897)	(78.0, 0.19548639331022558)	(79.0, 0.16093556855222219)	(80.0, 0.13157383527743596)	(81.0, 0.11092224721073721)	(82.0, 0.08849654996561832)	(83.0, 0.06861592002530553)	(84.0, 0.05473867375035756)	(85.0, 0.046556945311781325)	(86.0, 0.040076887033038605)	(87.0, 0.0291560582041564)	(88.0, 0.018549562973783924)	(89.0, 0.014203868635539357)	(90.0, 0.011097398936687049)	(91.0, 0.006951558676507309)	(92.0, 0.003328314193273782)	(93.0, 0.0018161496802784262)	(94.0, 0.0009274781486891963)	(95.0, 0.0005206554460912155)	(96.0, 0.0003563741003680245)	(97.0, 0.000615084881034467)	(98.0, 0.0027494488215326174)	(99.0, 0.0043728589702145436)	(100.0, 0.0022359079219097288)
14340-YK-8_2	(0.0, 0.0017123106555134797)	(1.0, 0.0010065172021243125)	(2.0, 0.0002637813916706988)	(3.0, 0.0001905447890692517)	(4.0, 0.00013480719770885834)	(5.0, 0.00012119685563248324)	(6.0, 0.00012897419396184045)	(7.0, 0.00013286286312651904)	(8.0, 0.0001490656513126799)	(9.0, 0.00018276745073989449)	(10.0, 0.00022554281155135917)	(11.0, 0.0002903539642960026)	(12.0, 0.00036683112453468185)	(13.0, 0.0005230260026492725)	(14.0, 0.0008457855433175969)	(15.0, 0.0015399129892127278)	(16.0, 0.00297548002250658)	(17.0, 0.005247110926206332)	(18.0, 0.009445577401004334)	(19.0, 0.01683340070236624)	(20.0, 0.028796243275972525)	(21.0, 0.04840096886969972)	(22.0, 0.07590358153688916)	(23.0, 0.11486610223238646)	(24.0, 0.1660662647891273)	(25.0, 0.23428259549897434)	(26.0, 0.31958573851841915)	(27.0, 0.41983433336077863)	(28.0, 0.5340017713665779)	(29.0, 0.6589965605498972)	(30.0, 0.7906811569195187)	(31.0, 0.9286329917595472)	(32.0, 1.0688259962614852)	(33.0, 1.2226954502155982)	(34.0, 1.3937988377960393)	(35.0, 1.5692095745878893)	(36.0, 1.7674578172723692)	(37.0, 1.9857476127200753)	(38.0, 2.1824689046458916)	(39.0, 2.3516901763506284)	(40.0, 2.5059757179053617)	(41.0, 2.635887729247417)	(42.0, 2.7544811208741478)	(43.0, 2.862801944790853)	(44.0, 2.9317130510581224)	(45.0, 3.020622286616279)	(46.0, 3.117806610156872)	(47.0, 3.1504461547906017)	(48.0, 3.158336912637262)	(49.0, 3.149704715203203)	(50.0, 3.11625891982933)	(51.0, 3.098623157055985)	(52.0, 3.1178707731980895)	(53.0, 3.122261728796539)	(54.0, 3.0593987993033993)	(55.0, 2.982517865583121)	(56.0, 2.8628058334600177)	(57.0, 2.6830773776723196)	(58.0, 2.567723895571293)	(59.0, 2.5220307366632646)	(60.0, 2.427398028206228)	(61.0, 2.3068363218706427)	(62.0, 2.1592483648405407)	(63.0, 1.970399035527089)	(64.0, 1.7970544782847382)	(65.0, 1.6275512780655623)	(66.0, 1.4689551467417827)	(67.0, 1.319040469328148)	(68.0, 1.161176055918855)	(69.0, 1.0052715317685605)	(70.0, 0.8721267401276023)	(71.0, 0.7587986065498462)	(72.0, 0.6556879512022832)	(73.0, 0.5655440631843409)	(74.0, 0.501575455425378)	(75.0, 0.4311445276262464)	(76.0, 0.36619532712625685)	(77.0, 0.3282198802870605)	(78.0, 0.2950586058737362)	(79.0, 0.26474254106590184)	(80.0, 0.22732317391725448)	(81.0, 0.18527045745889262)	(82.0, 0.15133728221637965)	(83.0, 0.12170951185069336)	(84.0, 0.09785058219080776)	(85.0, 0.0768238999058631)	(86.0, 0.058650852676265075)	(87.0, 0.04334310650950775)	(88.0, 0.032041337693896825)	(89.0, 0.025910202644253554)	(90.0, 0.02172793895764171)	(91.0, 0.017815289666447586)	(92.0, 0.012954453210599329)	(93.0, 0.00832304823546711)	(94.0, 0.006048824885657572)	(95.0, 0.00542210103861687)	(96.0, 0.00649278128195838)	(97.0, 0.009630937297854015)	(98.0, 0.016425090440074987)	(99.0, 0.03606351783322939)	(100.0, 0.23220734238809082)
14340-YK-9_1	(0.0, 0.0010529271857208367)	(1.0, 0.000629630448943517)	(2.0, 0.00016131544769357238)	(3.0, 0.00011504667587448571)	(4.0, 0.00010504261710279133)	(5.0, 0.00012505073464618013)	(6.0, 0.00014193258382341444)	(7.0, 0.00014630935953603076)	(8.0, 0.00015068613524864705)	(9.0, 0.0001569386719809561)	(10.0, 0.0001857003409495775)	(11.0, 0.00024384893256005128)	(12.0, 0.0003313844468123774)	(13.0, 0.00047394228430902276)	(14.0, 0.0008215833266254035)	(15.0, 0.0015143643965652414)	(16.0, 0.0029374417568387716)	(17.0, 0.005417197824872524)	(18.0, 0.009395061693967513)	(19.0, 0.016424788742102528)	(20.0, 0.02930438915698585)	(21.0, 0.04917995292164973)	(22.0, 0.07786784195682991)	(23.0, 0.11678488108606763)	(24.0, 0.16739478915839642)	(25.0, 0.23184093576565182)	(26.0, 0.3121078760666687)	(27.0, 0.4166534164992414)	(28.0, 0.545837703179151)	(29.0, 0.6829377013621639)	(30.0, 0.8331992893666871)	(31.0, 0.9944528369466098)	(32.0, 1.1406371457479942)	(33.0, 1.2910231592334904)	(34.0, 1.471480748133027)	(35.0, 1.656632741611181)	(36.0, 1.8434522866358418)	(37.0, 2.0606954248925717)	(38.0, 2.290225423081962)	(39.0, 2.487618632974631)	(40.0, 2.6640527144869264)	(41.0, 2.834743841010596)	(42.0, 3.014369217271062)	(43.0, 3.1692032853879226)	(44.0, 3.209323312584457)	(45.0, 3.2436284806199436)	(46.0, 3.340672227481092)	(47.0, 3.3589196306806626)	(48.0, 3.328494786941247)	(49.0, 3.3171826974851535)	(50.0, 3.282334184007629)	(51.0, 3.251090883209954)	(52.0, 3.1843075383721615)	(53.0, 3.0842738284456233)	(54.0, 3.0276277214119234)	(55.0, 2.9681091990034005)	(56.0, 2.8326123512385517)	(57.0, 2.7001579878476445)	(58.0, 2.6169736139073323)	(59.0, 2.521846269554637)	(60.0, 2.3798255249632967)	(61.0, 2.2326264294502582)	(62.0, 2.0747673840623064)	(63.0, 1.912595964090081)	(64.0, 1.728249297343048)	(65.0, 1.4980677848261512)	(66.0, 1.3032087280710876)	(67.0, 1.1480689109080167)	(68.0, 1.0079726971228815)	(69.0, 0.8509396118372675)	(70.0, 0.6893634333619579)	(71.0, 0.5591668609850874)	(72.0, 0.47172826105211213)	(73.0, 0.39493710592058584)	(74.0, 0.3213091091219346)	(75.0, 0.27728499798974693)	(76.0, 0.2584023370581737)	(77.0, 0.23033407441316536)	(78.0, 0.1931364828853126)	(79.0, 0.15763395406558883)	(80.0, 0.1294225083294106)	(81.0, 0.11048232405990015)	(82.0, 0.08842337446831398)	(83.0, 0.0678619074241158)	(84.0, 0.05416947723403231)	(85.0, 0.045451565268173864)	(86.0, 0.038682569001776135)	(87.0, 0.028154547651914226)	(88.0, 0.017512104879851068)	(89.0, 0.013312275956759106)	(90.0, 0.010529271857208368)	(91.0, 0.00662206165318847)	(92.0, 0.003123142097788349)	(93.0, 0.0016850586493572773)	(94.0, 0.000811579267853709)	(95.0, 0.0003688996672062314)	(96.0, 0.00024134791786712765)	(97.0, 0.00032388140273360654)	(98.0, 0.0011961102768907128)	(99.0, 0.0015887695836797188)	(100.0, 0.0006371334930222878)
14340-YK-9_2	(0.0, 0.0014668294617720442)	(1.0, 0.0008524145591254279)	(2.0, 0.00019353129961040207)	(3.0, 0.00013465770037616973)	(4.0, 0.00010835247518640633)	(5.0, 0.00011085773472828857)	(6.0, 0.00013027349617787584)	(7.0, 0.0001308998110633464)	(8.0, 0.00013904190457446363)	(9.0, 0.00015783135113858033)	(10.0, 0.00020668391220528376)	(11.0, 0.00029562062594210286)	(12.0, 0.00035825211448915854)	(13.0, 0.0005235992442533856)	(14.0, 0.0008912460820246025)	(15.0, 0.001591466123980685)	(16.0, 0.0030144535437697903)	(17.0, 0.005314281803217675)	(18.0, 0.009488044199993466)	(19.0, 0.0170069544000675)	(20.0, 0.029209447313690365)	(21.0, 0.048669050805260565)	(22.0, 0.07612356380986243)	(23.0, 0.11496949195140278)	(24.0, 0.16521748258293462)	(25.0, 0.23209914394279352)	(26.0, 0.31609736480767725)	(27.0, 0.413922113084209)	(28.0, 0.5260224565452711)	(29.0, 0.6482910221719478)	(30.0, 0.7768590629166873)	(31.0, 0.9123560252393876)	(32.0, 1.0529687275466113)	(33.0, 1.2104769002042888)	(34.0, 1.3814984428308792)	(35.0, 1.553582841818113)	(36.0, 1.7534230112698599)	(37.0, 1.9776913401996152)	(38.0, 2.175514149405261)	(39.0, 2.3436471277800615)	(40.0, 2.5008684482201935)	(41.0, 2.630056540701549)	(42.0, 2.753193805074373)	(43.0, 2.871819723327153)	(44.0, 2.939407867877823)	(45.0, 3.030259226219525)	(46.0, 3.130793412690603)	(47.0, 3.164313159046101)	(48.0, 3.173530008900686)	(49.0, 3.1625218984736554)	(50.0, 3.128770415610533)	(51.0, 3.110039216330765)	(52.0, 3.125799804108746)	(53.0, 3.131844995383308)	(54.0, 3.0722968550174237)	(55.0, 2.994665124963348)	(56.0, 2.8687683172051406)	(57.0, 2.6841964520313946)	(58.0, 2.5731940385645626)	(59.0, 2.524340224868088)	(60.0, 2.427378538503735)	(61.0, 2.3109810486134594)	(62.0, 2.164367623388542)	(63.0, 1.977438308985885)	(64.0, 1.80378874909986)	(65.0, 1.634056788822454)	(66.0, 1.4771624047525376)	(67.0, 1.327651020552548)	(68.0, 1.1699887744330446)	(69.0, 1.0115574136341836)	(70.0, 0.8789784523628906)	(71.0, 0.7667609880182455)	(72.0, 0.6595897427058366)	(73.0, 0.5682648903107183)	(74.0, 0.5029715635004128)	(75.0, 0.43046559446902827)	(76.0, 0.3653156937674955)	(77.0, 0.32607268198856676)	(78.0, 0.29230742019796363)	(79.0, 0.26280861540718586)	(80.0, 0.22592493180182477)	(81.0, 0.18418041837032667)	(82.0, 0.14993915726676585)	(83.0, 0.11965557992449348)	(84.0, 0.0958731510934055)	(85.0, 0.07536196490913023)	(86.0, 0.05734977511788248)	(87.0, 0.04196309732652731)	(88.0, 0.030811560790724047)	(89.0, 0.024992469189817103)	(90.0, 0.02073728585793014)	(91.0, 0.017065827999301734)	(92.0, 0.012571392381165017)	(93.0, 0.007808267677161433)	(94.0, 0.005473992099012667)	(95.0, 0.004861456141022462)	(96.0, 0.00562368135664013)	(97.0, 0.008215372352717295)	(98.0, 0.013745106476536841)	(99.0, 0.028618832376691626)	(100.0, 0.18988677329184891)
