Sample	0	1	2	3	4	5	6	7	8	9	10	11	12	13	14	15	16	17	18	19	20	21	22	23	24	25	26	27	28	29	30	31	32	33	34	35	36	37	38	39	40	41	42	43	44	45	46	47	48	49	50	51	52	53	54	55	56	57	58	59	60	61	62	63	64	65	66	67	68	69	70	71	72	73	74	75	76	77	78	79	80	81	82	83	84	85	86	87	88	89	90	91	92	93	94	95	96	97	98	99	100
14340-YK-1_1	(0.0, 0.0031201150542738147)	(1.0, 0.002056581234294436)	(2.0, 0.0007772217828119099)	(3.0, 0.0005476731342767712)	(4.0, 0.0005395640787578668)	(5.0, 0.0005707527538305759)	(6.0, 0.0005938323733843807)	(7.0, 0.0006181595399410937)	(8.0, 0.0006699327405617907)	(9.0, 0.0007603798982726471)	(10.0, 0.0009063428976129255)	(11.0, 0.0010516821234517497)	(12.0, 0.001210120592821112)	(13.0, 0.001472105463431868)	(14.0, 0.0019617676620734)	(15.0, 0.0028163373590656287)	(16.0, 0.004461851855901759)	(17.0, 0.007000610006820277)	(18.0, 0.010892956655894369)	(19.0, 0.018020192683509843)	(20.0, 0.030771994373737673)	(21.0, 0.050846896971037586)	(22.0, 0.07925666109476828)	(23.0, 0.11766613822031095)	(24.0, 0.16811506769742077)	(25.0, 0.23181232257191595)	(26.0, 0.31234709557116386)	(27.0, 0.41635072278912383)	(28.0, 0.5438556404478716)	(29.0, 0.6809891258750661)	(30.0, 0.8286843442288827)	(31.0, 0.9847200380706433)	(32.0, 1.1240523250904637)	(33.0, 1.265037611889138)	(34.0, 1.4360270278812597)	(35.0, 1.6088796553222249)	(36.0, 1.783342865943945)	(37.0, 1.9880453683691606)	(38.0, 2.1993430280252513)	(39.0, 2.376470375271682)	(40.0, 2.536272413515223)	(41.0, 2.6973326029111973)	(42.0, 2.8638470678038863)	(43.0, 3.005357571890785)	(44.0, 3.0542626619517956)	(45.0, 3.096316847646335)	(46.0, 3.2041254932231658)	(47.0, 3.263310370588141)	(48.0, 3.2586339406477394)	(49.0, 3.2533368560733904)	(50.0, 3.2230376820137545)	(51.0, 3.214226881305714)	(52.0, 3.18436122982959)	(53.0, 3.111734033508277)	(54.0, 3.072367687831503)	(55.0, 3.022386588480484)	(56.0, 2.902945814648536)	(57.0, 2.7822687217367057)	(58.0, 2.7054609954086466)	(59.0, 2.6175108030241114)	(60.0, 2.4704193974197026)	(61.0, 2.316687299118812)	(62.0, 2.165228231457221)	(63.0, 2.004843588763322)	(64.0, 1.8154303986322493)	(65.0, 1.575472217904843)	(66.0, 1.3706474558733424)	(67.0, 1.215603561898894)	(68.0, 1.0786871496502057)	(69.0, 0.9160980914021674)	(70.0, 0.7473087245496747)	(71.0, 0.6140719521860645)	(72.0, 0.5223310882331922)	(73.0, 0.4376039335306708)	(74.0, 0.3561603225398041)	(75.0, 0.30781538108309925)	(76.0, 0.29004594534717393)	(77.0, 0.2619006611880598)	(78.0, 0.22472313672788918)	(79.0, 0.1877052982840908)	(80.0, 0.15383564470213165)	(81.0, 0.13183951972035288)	(82.0, 0.10643821519413568)	(83.0, 0.08262878064362959)	(84.0, 0.06613496171817812)	(85.0, 0.0564271747150467)	(86.0, 0.049187659457169464)	(87.0, 0.036245606848998115)	(88.0, 0.023377159513998352)	(89.0, 0.018744393718698148)	(90.0, 0.01509282364118537)	(91.0, 0.009521902499698077)	(92.0, 0.004730698235028512)	(93.0, 0.00269719662028788)	(94.0, 0.0013916386817442786)	(95.0, 0.0006992500951301373)	(96.0, 0.0004566022030644607)	(97.0, 0.0005732478478363927)	(98.0, 0.0017939725901822256)	(99.0, 0.002500084193828359)	(100.0, 0.0011408817341596977)
14340-YK-1_2	(0.0, 0.004108113748653109)	(1.0, 0.0025176547654640487)	(2.0, 0.0008148840455256623)	(3.0, 0.0006676308795654355)	(4.0, 0.0006064833784463581)	(5.0, 0.0005852689392825967)	(6.0, 0.000594004296585322)	(7.0, 0.0006239540930518088)	(8.0, 0.0006588955222627101)	(9.0, 0.000776822845849502)	(10.0, 0.0009053573890181746)	(11.0, 0.0010195409880466555)	(12.0, 0.0011823930063331776)	(13.0, 0.001419495561692865)	(14.0, 0.0018874611314817218)	(15.0, 0.002722935662078094)	(16.0, 0.004123712600979404)	(17.0, 0.006484754889087449)	(18.0, 0.010773191370632531)	(19.0, 0.018054111682454087)	(20.0, 0.029930453889602218)	(21.0, 0.049754723334044286)	(22.0, 0.0774245915445198)	(23.0, 0.11639926001290798)	(24.0, 0.16748924510608312)	(25.0, 0.23409260081480543)	(26.0, 0.318126738067023)	(27.0, 0.41659168558334286)	(28.0, 0.5289121576899712)	(29.0, 0.6527196246496834)	(30.0, 0.7792412919141708)	(31.0, 0.908686808058699)	(32.0, 1.0396529003279946)	(33.0, 1.1848326668370104)	(34.0, 1.3458097030739116)	(35.0, 1.5104637007811674)	(36.0, 1.6959583891504468)	(37.0, 1.8975623242941375)	(38.0, 2.0849363623916886)	(39.0, 2.244911328355149)	(40.0, 2.386182646425288)	(41.0, 2.511661062446193)	(42.0, 2.629582146492054)	(43.0, 2.740440694158662)	(44.0, 2.823840270098246)	(45.0, 2.9320495086857563)	(46.0, 3.0420719578676745)	(47.0, 3.0968950602995786)	(48.0, 3.13027036473692)	(49.0, 3.1365872759749767)	(50.0, 3.1100555000302275)	(51.0, 3.1043793896457355)	(52.0, 3.145834899588097)	(53.0, 3.16794096915083)	(54.0, 3.1139084165548225)	(55.0, 3.048726428270072)	(56.0, 2.945764643605128)	(57.0, 2.766948135893782)	(58.0, 2.651017465404756)	(59.0, 2.6086378794505842)	(60.0, 2.512510263966836)	(61.0, 2.3946428399729776)	(62.0, 2.245824797147377)	(63.0, 2.0518006563260793)	(64.0, 1.8726559487617884)	(65.0, 1.6932186067278563)	(66.0, 1.5293851086529635)	(67.0, 1.3776812781469983)	(68.0, 1.2143531828874776)	(69.0, 1.0489398330489776)	(70.0, 0.9136266526133903)	(71.0, 0.797247983085553)	(72.0, 0.6827804849447333)	(73.0, 0.5888410764653182)	(74.0, 0.5210865254549154)	(75.0, 0.44296872091301503)	(76.0, 0.37585122703161805)	(77.0, 0.3399170868586714)	(78.0, 0.3062591312171776)	(79.0, 0.2764378692938595)	(80.0, 0.23998459931549365)	(81.0, 0.19802992609869005)	(82.0, 0.1641105336922076)	(83.0, 0.13181529378993903)	(84.0, 0.10628496416453816)	(85.0, 0.08452144539889107)	(86.0, 0.06534671216531593)	(87.0, 0.048652820405714794)	(88.0, 0.03604146027695163)	(89.0, 0.0295978863580056)	(90.0, 0.024929461833791973)	(91.0, 0.020392691623212267)	(92.0, 0.014729684274674049)	(93.0, 0.008788393400634729)	(94.0, 0.005556311198626357)	(95.0, 0.0044132273001554435)	(96.0, 0.00460852493128066)	(97.0, 0.006151563403397784)	(98.0, 0.011068321656646037)	(99.0, 0.02785580653020495)	(100.0, 0.14427316121181144)
14340-YK-2_1	(0.0, 0.0020394418843271613)	(1.0, 0.0013808234954812333)	(2.0, 0.0005658634518871129)	(3.0, 0.0003844371286532035)	(4.0, 0.00038618722180336985)	(5.0, 0.0004480238464425801)	(6.0, 0.0005005266409475699)	(7.0, 0.0005536127998359487)	(8.0, 0.0006224497970758243)	(9.0, 0.0007227884710186937)	(10.0, 0.000855212186047946)	(11.0, 0.0009678015120419797)	(12.0, 0.0010856411174865125)	(13.0, 0.0013353210735769087)	(14.0, 0.0018049294022048736)	(15.0, 0.002581970760878723)	(16.0, 0.004121469368641704)	(17.0, 0.006682439011718431)	(18.0, 0.010852327624181403)	(19.0, 0.018023042624796242)	(20.0, 0.030613796111476195)	(21.0, 0.04996749289478224)	(22.0, 0.07846600975209073)	(23.0, 0.11692489009137919)	(24.0, 0.16694313568751626)	(25.0, 0.23075794895079785)	(26.0, 0.3101310903190581)	(27.0, 0.41279855488041567)	(28.0, 0.5390981106128525)	(29.0, 0.6732771690717214)	(30.0, 0.8197903006885794)	(31.0, 0.9780173891238839)	(32.0, 1.1203297138159591)	(33.0, 1.2647468172033014)	(34.0, 1.4406988490634904)	(35.0, 1.6229792177546811)	(36.0, 1.8060197102374271)	(37.0, 2.0151721758850383)	(38.0, 2.2372858314027813)	(39.0, 2.4316435929232694)	(40.0, 2.602342428511043)	(41.0, 2.768286261009814)	(42.0, 2.943262324256594)	(43.0, 3.090009968355574)	(44.0, 3.1356378136023273)	(45.0, 3.174648556648301)	(46.0, 3.271908233375645)	(47.0, 3.314213818458999)	(48.0, 3.301969583416052)	(49.0, 3.2936776420705636)	(50.0, 3.25951115686425)	(51.0, 3.2423421596967352)	(52.0, 3.1995558823614685)	(53.0, 3.111327269653367)	(54.0, 3.0626291776568384)	(55.0, 3.004978192468443)	(56.0, 2.876905209010504)	(57.0, 2.758639164201714)	(58.0, 2.6873911219652924)	(59.0, 2.5936555494780005)	(60.0, 2.4335331101610658)	(61.0, 2.2717720002911923)	(62.0, 2.1154233451703996)	(63.0, 1.9557839315629106)	(64.0, 1.7693826768674619)	(65.0, 1.5323162254746978)	(66.0, 1.3312007709370337)	(67.0, 1.1772859120237391)	(68.0, 1.0396743375330106)	(69.0, 0.8779027271042357)	(70.0, 0.7123019128628971)	(71.0, 0.5823230779644273)	(72.0, 0.4944123988452722)	(73.0, 0.4136817685568663)	(74.0, 0.33621156180722017)	(75.0, 0.29079431110287035)	(76.0, 0.2719113893769591)	(77.0, 0.24414091127011978)	(78.0, 0.20649815770319221)	(79.0, 0.1698354563003578)	(80.0, 0.13907231890673408)	(81.0, 0.11879807312644056)	(82.0, 0.0958006824044882)	(83.0, 0.07382651281099979)	(84.0, 0.05868704033329428)	(85.0, 0.04972189648937556)	(86.0, 0.04264860334078665)	(87.0, 0.031067653601752666)	(88.0, 0.019994814240650305)	(89.0, 0.016078105770578062)	(90.0, 0.013174117870068733)	(91.0, 0.008228354627698688)	(92.0, 0.003858372031733366)	(93.0, 0.002121696262384979)	(94.0, 0.0010891413037868451)	(95.0, 0.0005804475614718322)	(96.0, 0.0003651861040013739)	(97.0, 0.000406604975221977)	(98.0, 0.0012268152982665963)	(99.0, 0.001657921577590902)	(100.0, 0.0007420394956705233)
14340-YK-2_2	(0.0, 0.002866310181397521)	(1.0, 0.0017861920735459714)	(2.0, 0.0006570572606379497)	(3.0, 0.0005590238505250051)	(4.0, 0.0004942517759860953)	(5.0, 0.000493668243783042)	(6.0, 0.0005310143047784494)	(7.0, 0.0005800310098349218)	(8.0, 0.00063371597251582)	(9.0, 0.0007107422233188478)	(10.0, 0.0007953543927615678)	(11.0, 0.0008980560604989382)	(12.0, 0.001027600209576758)	(13.0, 0.001299526216199568)	(14.0, 0.0018042815718406218)	(15.0, 0.0027408507577410743)	(16.0, 0.004373573861884043)	(17.0, 0.006683194321568772)	(18.0, 0.011065521166498614)	(19.0, 0.018576164151996883)	(20.0, 0.031021155446513356)	(21.0, 0.05074045918429154)	(22.0, 0.0783246099548213)	(23.0, 0.11764884511857923)	(24.0, 0.16798783414717014)	(25.0, 0.2340991150920871)	(26.0, 0.317548304854122)	(27.0, 0.41577836531949547)	(28.0, 0.5261482297371886)	(29.0, 0.6465466785965547)	(30.0, 0.7739200878790161)	(31.0, 0.9052906927523924)	(32.0, 1.0395515326274913)	(33.0, 1.1898670940051939)	(34.0, 1.358062665616651)	(35.0, 1.5269386357768682)	(36.0, 1.720285028872123)	(37.0, 1.9350593079956961)	(38.0, 2.129356858581928)	(39.0, 2.2956973813198784)	(40.0, 2.445906156304422)	(41.0, 2.57618380536148)	(42.0, 2.6926317412061755)	(43.0, 2.8064129348829177)	(44.0, 2.8860131462336134)	(45.0, 2.986657862955221)	(46.0, 3.090182311098897)	(47.0, 3.1297259543710028)	(48.0, 3.148082710414651)	(49.0, 3.146333280869898)	(50.0, 3.1175359666492204)	(51.0, 3.1080757425733214)	(52.0, 3.142483718926356)	(53.0, 3.1558646958745697)	(54.0, 3.0990134874599047)	(55.0, 3.034565856825892)	(56.0, 2.9216652132435574)	(57.0, 2.7359887674252343)	(58.0, 2.6237107527035572)	(59.0, 2.577918063068954)	(60.0, 2.474003231881436)	(61.0, 2.354389050302973)	(62.0, 2.2048256619350064)	(63.0, 2.0124245910086977)	(64.0, 1.8386171902004775)	(65.0, 1.6630475221390366)	(66.0, 1.5008646663478402)	(67.0, 1.3495611849503684)	(68.0, 1.185649323241525)	(69.0, 1.0247589912800916)	(70.0, 0.8935663637286466)	(71.0, 0.7796252822282677)	(72.0, 0.6711192196671266)	(73.0, 0.5785832664391467)	(74.0, 0.5132084031344829)	(75.0, 0.43875202815370157)	(76.0, 0.3707185921319272)	(77.0, 0.33323481753659917)	(78.0, 0.30088087453831225)	(79.0, 0.27056170833207194)	(80.0, 0.23272839794711503)	(81.0, 0.18944022852801645)	(82.0, 0.1543378488533487)	(83.0, 0.12375084136590697)	(84.0, 0.09937611771217003)	(85.0, 0.07871907772408529)	(86.0, 0.06095694099534769)	(87.0, 0.044983330468968255)	(88.0, 0.032929305750497455)	(89.0, 0.026815638859108648)	(90.0, 0.02245256857687956)	(91.0, 0.018832334789137255)	(92.0, 0.013746851639528256)	(93.0, 0.00794304034796072)	(94.0, 0.004987449739496053)	(95.0, 0.004028706329879578)	(96.0, 0.004257450953476448)	(97.0, 0.0057232838475461895)	(98.0, 0.01056076581085756)	(99.0, 0.027203104241936)	(100.0, 0.13443356540720267)
14340-YK-3_1	(0.0, 0.0021771902976866963)	(1.0, 0.001497031056694943)	(2.0, 0.0006302392966987804)	(3.0, 0.0004316940637153663)	(4.0, 0.00042999224743265127)	(5.0, 0.00047197038240628746)	(6.0, 0.0005235921429819751)	(7.0, 0.0005593302849189897)	(8.0, 0.0006069811408350092)	(9.0, 0.000700581036384333)	(10.0, 0.0008100645505723299)	(11.0, 0.0009762752741841595)	(12.0, 0.0011487259908326106)	(13.0, 0.0013625875703604598)	(14.0, 0.0017545725874791433)	(15.0, 0.0024579899843346674)	(16.0, 0.004033304590034499)	(17.0, 0.006660341658452188)	(18.0, 0.010769660709114625)	(19.0, 0.01772952203332465)	(20.0, 0.03031955889285006)	(21.0, 0.05012359497480427)	(22.0, 0.07854279235195594)	(23.0, 0.11665269891498094)	(24.0, 0.16645748697282325)	(25.0, 0.23005322691369354)	(26.0, 0.3091207459528199)	(27.0, 0.41173402780749657)	(28.0, 0.5377030363261535)	(29.0, 0.6712740581796983)	(30.0, 0.8167589285564363)	(31.0, 0.971394465085333)	(32.0, 1.1095382672905327)	(33.0, 1.2544842291777445)	(34.0, 1.4301927894634063)	(35.0, 1.6060777713703764)	(36.0, 1.7843583433313148)	(37.0, 1.9899434230042268)	(38.0, 2.209422698081318)	(39.0, 2.4026542933580015)	(40.0, 2.569635372473807)	(41.0, 2.731939293172617)	(42.0, 2.899150117486589)	(43.0, 3.0436655198542737)	(44.0, 3.097226216448068)	(45.0, 3.137575145967052)	(46.0, 3.2384219425202696)	(47.0, 3.29153506143171)	(48.0, 3.2811976620584056)	(49.0, 3.2713186185372454)	(50.0, 3.236078541498972)	(51.0, 3.2216096994633285)	(52.0, 3.1896649060204862)	(53.0, 3.110369343599476)	(54.0, 3.0649461651975303)	(55.0, 3.0085615881186176)	(56.0, 2.8867382040646543)	(57.0, 2.7704610392760594)	(58.0, 2.6949270581119436)	(59.0, 2.605840946616474)	(60.0, 2.4550532167027956)	(61.0, 2.2974973634327602)	(62.0, 2.140655705729371)	(63.0, 1.9812749381321708)	(64.0, 1.7933376933110134)	(65.0, 1.5573802984404872)	(66.0, 1.36080349962408)	(67.0, 1.2050867424835652)	(68.0, 1.0661629411487876)	(69.0, 0.9057633528703356)	(70.0, 0.7385281358563115)	(71.0, 0.6069323554349045)	(72.0, 0.5188985336742472)	(73.0, 0.4369861450825156)	(74.0, 0.35844165091427693)	(75.0, 0.31098139842192163)	(76.0, 0.29032078147766754)	(77.0, 0.2606893236351286)	(78.0, 0.21999719449913072)	(79.0, 0.18097738349694747)	(80.0, 0.14941776780609242)	(81.0, 0.1282108678350868)	(82.0, 0.10308411769289441)	(83.0, 0.07949354038189937)	(84.0, 0.06303867874432825)	(85.0, 0.05311708981609992)	(86.0, 0.045646683607075404)	(87.0, 0.033277315592208694)	(88.0, 0.021227889038492407)	(89.0, 0.016598381477413427)	(90.0, 0.013408610491511317)	(91.0, 0.008465968734412781)	(92.0, 0.004133711750714684)	(93.0, 0.0022900774444401233)	(94.0, 0.0011543987117749938)	(95.0, 0.000618893854814014)	(96.0, 0.0004152431729824548)	(97.0, 0.000507708524343302)	(98.0, 0.0020711104160641295)	(99.0, 0.003152331027682379)	(100.0, 0.001500434689260373)
14340-YK-3_2	(0.0, 0.002907141294436887)	(1.0, 0.001852990528421326)	(2.0, 0.0007126013789642331)	(3.0, 0.0005753007948007424)	(4.0, 0.000519132374006587)	(5.0, 0.0005219691629355847)	(6.0, 0.0005395572542953708)	(7.0, 0.0005804070148729382)	(8.0, 0.0006388448668102918)	(9.0, 0.0007143034523216318)	(10.0, 0.0008147257804081519)	(11.0, 0.0009662103092166314)	(12.0, 0.0011352829293848968)	(13.0, 0.0013559851080609214)	(14.0, 0.0017911485297691751)	(15.0, 0.0026075763835347256)	(16.0, 0.004094621140115343)	(17.0, 0.006471282904829652)	(18.0, 0.010654979217315523)	(19.0, 0.01817700874144594)	(20.0, 0.030622569130744837)	(21.0, 0.05051526781644862)	(22.0, 0.07809282771080728)	(23.0, 0.11747596841208295)	(24.0, 0.168417321925667)	(25.0, 0.2349570430442381)	(26.0, 0.3181532540383123)	(27.0, 0.41503810633037225)	(28.0, 0.5251066514910563)	(29.0, 0.6465666062750236)	(30.0, 0.7737092166415593)	(31.0, 0.9033124577251075)	(32.0, 1.0346041555791952)	(33.0, 1.1814357831863327)	(34.0, 1.3468256839669732)	(35.0, 1.514528702440319)	(36.0, 1.7014033078536168)	(37.0, 1.9068305128625598)	(38.0, 2.0967064409627376)	(39.0, 2.2647476046764194)	(40.0, 2.414106243861508)	(41.0, 2.5415972119085244)	(42.0, 2.6600393906298243)	(43.0, 2.76903789900649)	(44.0, 2.8498597176669933)	(45.0, 2.9561439863963943)	(46.0, 3.057652237284935)	(47.0, 3.1027855491452887)	(48.0, 3.129198890863187)	(49.0, 3.127584757962587)	(50.0, 3.0995345890326575)	(51.0, 3.0916375360121133)	(52.0, 3.1308147258371437)	(53.0, 3.1571662255563897)	(54.0, 3.1037006972537835)	(55.0, 3.035231959663494)	(56.0, 2.928007579083023)	(57.0, 2.7459804785915964)	(58.0, 2.632325664866874)	(59.0, 2.5906390515552515)	(60.0, 2.4935845592852375)	(61.0, 2.3786367371666777)	(62.0, 2.2322612652193228)	(63.0, 2.0404631289408566)	(64.0, 1.8645186712709867)	(65.0, 1.6896561648986368)	(66.0, 1.5297231113018164)	(67.0, 1.3800342698853925)	(68.0, 1.2165262948802489)	(69.0, 1.051202774960547)	(70.0, 0.914225584734962)	(71.0, 0.798244036730675)	(72.0, 0.6885454088463323)	(73.0, 0.595578729423004)	(74.0, 0.5293289281329765)	(75.0, 0.45206330807386497)	(76.0, 0.38359513784136123)	(77.0, 0.34535862722518645)	(78.0, 0.31116794497954825)	(79.0, 0.27884557192254794)	(80.0, 0.23965590022622996)	(81.0, 0.19644763333309373)	(82.0, 0.16093557480432835)	(83.0, 0.12952778249803698)	(84.0, 0.10430248798360323)	(85.0, 0.08278090509486895)	(86.0, 0.06383569391145041)	(87.0, 0.04711225581722292)	(88.0, 0.03472002705978918)	(89.0, 0.028376967014550225)	(90.0, 0.023814843058936053)	(91.0, 0.019555688160938844)	(92.0, 0.014172030131486926)	(93.0, 0.008284558388245008)	(94.0, 0.005127212310270522)	(95.0, 0.004065118535253766)	(96.0, 0.004334613483508551)	(97.0, 0.0058074742954441795)	(98.0, 0.010309458325763599)	(99.0, 0.02590725857296479)	(100.0, 0.12764131786025346)
14340-YK-4_1	(0.0, 0.002677228134974273)	(1.0, 0.0018083438094056996)	(2.0, 0.0006936033997048733)	(3.0, 0.00045237519480334514)	(4.0, 0.00045642458913022933)	(5.0, 0.0004951830776875492)	(6.0, 0.0005773279340329136)	(7.0, 0.000646746122493785)	(8.0, 0.0007040161279740039)	(9.0, 0.000790788863550093)	(10.0, 0.0009030149348951685)	(11.0, 0.0010395373722015488)	(12.0, 0.0012130828433537274)	(13.0, 0.0015023252952740247)	(14.0, 0.001984781705077081)	(15.0, 0.002768050264877246)	(16.0, 0.004363511629669607)	(17.0, 0.006965536727144603)	(18.0, 0.011062366816143695)	(19.0, 0.018192193255979025)	(20.0, 0.031007947815663565)	(21.0, 0.051058234582778576)	(22.0, 0.07966547004750367)	(23.0, 0.11840313314828528)	(24.0, 0.16855661734145716)	(25.0, 0.23203376583988564)	(26.0, 0.31264679415988017)	(27.0, 0.4174300787321425)	(28.0, 0.5476933093789677)	(29.0, 0.6858401322953324)	(30.0, 0.8357249923955267)	(31.0, 0.9976735766804128)	(32.0, 1.1423491802215224)	(33.0, 1.2901914101262557)	(34.0, 1.467961556531182)	(35.0, 1.6497348184706853)	(36.0, 1.8358802693134155)	(37.0, 2.0453161008696723)	(38.0, 2.265317959194577)	(39.0, 2.456583001436297)	(40.0, 2.6266008716448552)	(41.0, 2.7925560423737417)	(42.0, 2.9565472568540887)	(43.0, 3.096985458474566)	(44.0, 3.140852547217702)	(45.0, 3.1782677938283044)	(46.0, 3.2736917711413294)	(47.0, 3.2933897606020057)	(48.0, 3.26762924934908)	(49.0, 3.26836276820715)	(50.0, 3.244570841081994)	(51.0, 3.2229962465932593)	(52.0, 3.1715134040910615)	(53.0, 3.0904578348196288)	(54.0, 3.050794595872702)	(55.0, 3.0008829183693355)	(56.0, 2.875617797291693)	(57.0, 2.747094070750717)	(58.0, 2.6580033461649384)	(59.0, 2.5577507553595558)	(60.0, 2.4181646620024355)	(61.0, 2.269358097763)	(62.0, 2.112437125777393)	(63.0, 1.9556816004742836)	(64.0, 1.7791731296446334)	(65.0, 1.5551646848757286)	(66.0, 1.3523322584968123)	(67.0, 1.1874218315042624)	(68.0, 1.0366345349540769)	(69.0, 0.8755987998474513)	(70.0, 0.7142402701644825)	(71.0, 0.5814010462408553)	(72.0, 0.4875389781681995)	(73.0, 0.4048208432831291)	(74.0, 0.3303912401002866)	(75.0, 0.2826783837164182)	(76.0, 0.25730950674339276)	(77.0, 0.2279080115056945)	(78.0, 0.19305140362477946)	(79.0, 0.1596994349787538)	(80.0, 0.13039454671999695)	(81.0, 0.10898308497414501)	(82.0, 0.08740097018166011)	(83.0, 0.06823981471174809)	(84.0, 0.05401313547159634)	(85.0, 0.04461564820870588)	(86.0, 0.0370762544569514)	(87.0, 0.02687004529849179)	(88.0, 0.01715670527810436)	(89.0, 0.012859140927472583)	(90.0, 0.009936056708366057)	(91.0, 0.006095495431768348)	(92.0, 0.0030283684716055142)	(93.0, 0.0017128938002720015)	(94.0, 0.0008434309897995873)	(95.0, 0.00042750034393819957)	(96.0, 0.0002921348764395004)	(97.0, 0.0003667594290349371)	(98.0, 0.001257626180949453)	(99.0, 0.0017383471360409874)	(100.0, 0.0007560797693196575)
14340-YK-4_2	(0.0, 0.0033618072622200235)	(1.0, 0.0020766826616364312)	(2.0, 0.0007018712924393956)	(3.0, 0.0005815174352032915)	(4.0, 0.0005184473850170638)	(5.0, 0.0004866230477671325)	(6.0, 0.000504560401489821)	(7.0, 0.0005444854791306441)	(8.0, 0.0005948257944168991)	(9.0, 0.0006810408171485314)	(10.0, 0.0007915580610528385)	(11.0, 0.0009489438743615901)	(12.0, 0.00109822894727945)	(13.0, 0.0013591885127288872)	(14.0, 0.001860855792650533)	(15.0, 0.002676716074876046)	(16.0, 0.004262146694236264)	(17.0, 0.006709148916599169)	(18.0, 0.01098576121867631)	(19.0, 0.018683200462964258)	(20.0, 0.03089738109948792)	(21.0, 0.05070426997953158)	(22.0, 0.07887575193748445)	(23.0, 0.117659782431819)	(24.0, 0.16823039019490085)	(25.0, 0.23487981038527533)	(26.0, 0.31973969497437416)	(27.0, 0.4196322392317132)	(28.0, 0.5310874331484229)	(29.0, 0.6533675307246184)	(30.0, 0.7833311805615745)	(31.0, 0.9193767505591492)	(32.0, 1.0567167031463258)	(33.0, 1.207794932812141)	(34.0, 1.3779990105408513)	(35.0, 1.5516783058972539)	(36.0, 1.744426165509502)	(37.0, 1.9562830930795496)	(38.0, 2.1506736671182076)	(39.0, 2.32028118317956)	(40.0, 2.4730021272717853)	(41.0, 2.602902707058555)	(42.0, 2.719200986480391)	(43.0, 2.828262411611592)	(44.0, 2.9032989912281075)	(45.0, 2.991658974290385)	(46.0, 3.085700469488246)	(47.0, 3.12111459197997)	(48.0, 3.1307689386529716)	(49.0, 3.125592565543192)	(50.0, 3.099797493641338)	(51.0, 3.0882967567835267)	(52.0, 3.118783893244647)	(53.0, 3.1401490174013107)	(54.0, 3.081849724681004)	(55.0, 3.00284667539452)	(56.0, 2.884968751596461)	(57.0, 2.713311169591899)	(58.0, 2.6097732921586587)	(59.0, 2.561693662065776)	(60.0, 2.468250464408214)	(61.0, 2.3533131093720483)	(62.0, 2.2120032153690206)	(63.0, 2.0285064012831713)	(64.0, 1.8518477693358613)	(65.0, 1.6758290958794317)	(66.0, 1.5072521097206633)	(67.0, 1.3533432499125453)	(68.0, 1.1933165952363631)	(69.0, 1.0315893637024074)	(70.0, 0.8937257561113909)	(71.0, 0.7728314637663517)	(72.0, 0.6629009449160705)	(73.0, 0.5700120693509708)	(74.0, 0.5018333450996587)	(75.0, 0.42958342017761003)	(76.0, 0.3646964896465681)	(77.0, 0.3238959534192152)	(78.0, 0.28923346391090354)	(79.0, 0.2585125632270744)	(80.0, 0.22097315363136896)	(81.0, 0.17925318336964982)	(82.0, 0.14551765001178166)	(83.0, 0.11667669972295294)	(84.0, 0.09300633630076761)	(85.0, 0.0720398842961992)	(86.0, 0.05377329333905223)	(87.0, 0.039017794717043135)	(88.0, 0.028284313699111736)	(89.0, 0.02203227799028431)	(90.0, 0.01777418166624349)	(91.0, 0.014264246579732878)	(92.0, 0.010265952572514225)	(93.0, 0.0065176242687859445)	(94.0, 0.004733725509848883)	(95.0, 0.004296285528740736)	(96.0, 0.004956495870598402)	(97.0, 0.006784948701685369)	(98.0, 0.012607645169795541)	(99.0, 0.0328496595336928)	(100.0, 0.15586171686663663)
14340-YK-5_1	(0.0, 0.0024230409693704355)	(1.0, 0.0016281597431365672)	(2.0, 0.0006332687490904283)	(3.0, 0.00039715406617164427)	(4.0, 0.0004017388172962808)	(5.0, 0.000457902018573079)	(6.0, 0.000502030248147706)	(7.0, 0.0005702284211266753)	(8.0, 0.0006292570918563713)	(9.0, 0.0007014669220693976)	(10.0, 0.0008235359207628467)	(11.0, 0.0009576398911584667)	(12.0, 0.0010951824248975643)	(13.0, 0.001280864845445346)	(14.0, 0.0016505104048691705)	(15.0, 0.0023771934581240696)	(16.0, 0.0038082089029012637)	(17.0, 0.0061934256754934474)	(18.0, 0.009926559278728786)	(19.0, 0.016405385711730863)	(20.0, 0.028258686650588172)	(21.0, 0.04698567571305688)	(22.0, 0.07302820828877385)	(23.0, 0.10831474531953933)	(24.0, 0.15564943521195918)	(25.0, 0.21576526505208468)	(26.0, 0.2910176507301978)	(27.0, 0.3897903827715873)	(28.0, 0.5145569344079944)	(29.0, 0.6494901716632832)	(30.0, 0.7978561566198666)	(31.0, 0.955765301042381)	(32.0, 1.0981590745652348)	(33.0, 1.2460734615360414)	(34.0, 1.4224597260847318)	(35.0, 1.605044574153931)	(36.0, 1.7911848967202857)	(37.0, 2.001800913165513)	(38.0, 2.222936067972328)	(39.0, 2.4196476804443137)	(40.0, 2.5995435719789137)	(41.0, 2.771457411805521)	(42.0, 2.9426881237145577)	(43.0, 3.0889972746978507)	(44.0, 3.139565933414811)	(45.0, 3.1806126371397925)	(46.0, 3.2789521101999037)	(47.0, 3.308332914688246)	(48.0, 3.2892786890142562)	(49.0, 3.2936617110894093)	(50.0, 3.2720847261090884)	(51.0, 3.2554432257144383)	(52.0, 3.207654072366789)	(53.0, 3.1289814623496968)	(54.0, 3.0923086111976197)	(55.0, 3.039552453100317)	(56.0, 2.914338315135367)	(57.0, 2.7861910826384313)	(58.0, 2.694975166638224)	(59.0, 2.5935209282828127)	(60.0, 2.450414225960078)	(61.0, 2.297075505314936)	(62.0, 2.1376447966129324)	(63.0, 1.9767406635182494)	(64.0, 1.7962527659946808)	(65.0, 1.571194210412958)	(66.0, 1.36537327055021)	(67.0, 1.1963277656459532)	(68.0, 1.0421529010144552)	(69.0, 0.8794309140988535)	(70.0, 0.7185330850369667)	(71.0, 0.5861644429420215)	(72.0, 0.4923558501808323)	(73.0, 0.407462305981499)	(74.0, 0.3317365447497671)	(75.0, 0.28564145694267085)	(76.0, 0.2612706392457745)	(77.0, 0.23229902379530537)	(78.0, 0.1982543812254258)	(79.0, 0.16502639744962214)	(80.0, 0.13449424733510482)	(81.0, 0.11140601376532554)	(82.0, 0.08861922758199113)	(83.0, 0.06950769251894354)	(84.0, 0.05614715464786194)	(85.0, 0.047404607347070554)	(86.0, 0.039445479394701444)	(87.0, 0.028159541407517908)	(88.0, 0.01825819825997462)	(89.0, 0.014358867428471207)	(90.0, 0.01129453439554223)	(91.0, 0.007131007280481628)	(92.0, 0.003599602726730299)	(93.0, 0.0020459451893690764)	(94.0, 0.0010963286126787234)	(95.0, 0.0005885674256252217)	(96.0, 0.0004384168262933735)	(97.0, 0.000731840898270115)	(98.0, 0.003064333032928978)	(99.0, 0.004266110921474343)	(100.0, 0.0018029533797633375)
14340-YK-5_2	(0.0, 0.0031875060765058196)	(1.0, 0.0019685514873781893)	(2.0, 0.0006590492606942991)	(3.0, 0.0005266663222417921)	(4.0, 0.00046763843193612883)	(5.0, 0.0004888426255410759)	(6.0, 0.0005364087895737948)	(7.0, 0.000563343846315214)	(8.0, 0.0005942905072521638)	(9.0, 0.0006384181534029995)	(10.0, 0.0007432929488004401)	(11.0, 0.0008756758872529471)	(12.0, 0.0010344207961332263)	(13.0, 0.0013026251909201236)	(14.0, 0.0017261359767054166)	(15.0, 0.0025141296579703396)	(16.0, 0.003964611117811445)	(17.0, 0.006167554907471347)	(18.0, 0.010045056905608415)	(19.0, 0.016801171457195452)	(20.0, 0.027817036578122255)	(21.0, 0.045666955989292116)	(22.0, 0.07120253595278479)	(23.0, 0.1067419106073033)	(24.0, 0.15317622917056903)	(25.0, 0.21544950727041653)	(26.0, 0.2944150704278665)	(27.0, 0.38859034434951367)	(28.0, 0.4966623882907921)	(29.0, 0.6166488966927962)	(30.0, 0.7435571415910314)	(31.0, 0.8759257528856973)	(32.0, 1.0103912870019984)	(33.0, 1.160260808142823)	(34.0, 1.3275532993911503)	(35.0, 1.4992980982102027)	(36.0, 1.691124987632081)	(37.0, 1.9002642415029283)	(38.0, 2.0970941744429465)	(39.0, 2.270214953501066)	(40.0, 2.4262302522694434)	(41.0, 2.561256264800491)	(42.0, 2.6840784042824217)	(43.0, 2.798285337211294)	(44.0, 2.881771405210793)	(45.0, 2.984460449407983)	(46.0, 3.091491195517365)	(47.0, 3.1346812724590736)	(48.0, 3.14701695536033)	(49.0, 3.148161981814997)	(50.0, 3.132122442068639)	(51.0, 3.124438500775257)	(52.0, 3.158412203620891)	(53.0, 3.1822972950010797)	(54.0, 3.126219079951759)	(55.0, 3.0546027756805207)	(56.0, 2.936979675235998)	(57.0, 2.759825514702429)	(58.0, 2.655828687537496)	(59.0, 2.6077026181763436)	(60.0, 2.5103111838625085)	(61.0, 2.3944228156893956)	(62.0, 2.246500641842344)	(63.0, 2.0577311679037735)	(64.0, 1.8791781036785922)	(65.0, 1.699913266251861)	(66.0, 1.5313084073452816)	(67.0, 1.373259798336084)	(68.0, 1.2110087473889113)	(69.0, 1.0455822251778193)	(70.0, 0.9019163633822259)	(71.0, 0.7820278527398555)	(72.0, 0.6741982243092497)	(73.0, 0.5821565507333112)	(74.0, 0.5130887612988623)	(75.0, 0.43695825613502515)	(76.0, 0.3701977121993199)	(77.0, 0.33059343632210164)	(78.0, 0.29651829719895184)	(79.0, 0.26679231011007065)	(80.0, 0.2282407937910224)	(81.0, 0.18363863217248683)	(82.0, 0.1493405624733282)	(83.0, 0.12052349027789155)	(84.0, 0.0970286706772966)	(85.0, 0.07559008477006789)	(86.0, 0.056660470743986675)	(87.0, 0.041188286448139114)	(88.0, 0.030193625520817263)	(89.0, 0.024235820204140796)	(90.0, 0.019723911656796256)	(91.0, 0.015697407217110913)	(92.0, 0.011236503351680978)	(93.0, 0.006996237717005222)	(94.0, 0.0047904284957770845)	(95.0, 0.004076362948972653)	(96.0, 0.00460417544384174)	(97.0, 0.006305095622746678)	(98.0, 0.011056554249195752)	(99.0, 0.02720555348146067)	(100.0, 0.13527988976799374)
14340-YK-6_1	(0.0, 0.00297508690015361)	(1.0, 0.0020093696261857526)	(2.0, 0.0008091694211351732)	(3.0, 0.0005367354954263461)	(4.0, 0.0004899744484763235)	(5.0, 0.0005231815687741655)	(6.0, 0.0005821411497111506)	(7.0, 0.0006485553903068348)	(8.0, 0.0007386890025438348)	(9.0, 0.0008213679551221356)	(10.0, 0.0009609733996395943)	(11.0, 0.0011066781111505341)	(12.0, 0.0012239195766918952)	(13.0, 0.0014658571674333162)	(14.0, 0.0019117813542900534)	(15.0, 0.0026545365348295425)	(16.0, 0.00410548438294546)	(17.0, 0.006440148248783543)	(18.0, 0.010132915565170108)	(19.0, 0.016564931457962343)	(20.0, 0.028275524085446254)	(21.0, 0.04694266956716179)	(22.0, 0.07332267701030061)	(23.0, 0.10923245028258752)	(24.0, 0.15669016906253216)	(25.0, 0.2174185374276267)	(26.0, 0.29468879557537486)	(27.0, 0.39533483332380603)	(28.0, 0.5215191796702757)	(29.0, 0.6570401483910998)	(30.0, 0.8066212829245634)	(31.0, 0.9709755198125709)	(32.0, 1.120200186075082)	(33.0, 1.269910760608074)	(34.0, 1.4491912592217953)	(35.0, 1.6344795358240956)	(36.0, 1.823310131156943)	(37.0, 2.0382618539338733)	(38.0, 2.2580401299916444)	(39.0, 2.4512865946277724)	(40.0, 2.6311858299931656)	(41.0, 2.802220797328033)	(42.0, 2.9730531334594503)	(43.0, 3.1222777997219615)	(44.0, 3.1640706548576274)	(45.0, 3.1970005973554323)	(46.0, 3.2923355289452068)	(47.0, 3.3085148511899143)	(48.0, 3.2810152894053055)	(49.0, 3.2834421199723782)	(50.0, 3.2644083407747218)	(51.0, 3.237791817311502)	(52.0, 3.1794658824455064)	(53.0, 3.104455063870677)	(54.0, 3.0621037869569414)	(55.0, 3.0085122386705523)	(56.0, 2.8816678160961215)	(57.0, 2.742497452624198)	(58.0, 2.6455916209354355)	(59.0, 2.5493465431709676)	(60.0, 2.4167132385233905)	(61.0, 2.267319148177727)	(62.0, 2.110397884665775)	(63.0, 1.9558444921399594)	(64.0, 1.7846807625018963)	(65.0, 1.5654880160754991)	(66.0, 1.3597007808044412)	(67.0, 1.1896959118951393)	(68.0, 1.0334943618884185)	(69.0, 0.873010448755941)	(70.0, 0.7190452966468297)	(71.0, 0.5894236745013671)	(72.0, 0.4920027935998223)	(73.0, 0.40687939034980075)	(74.0, 0.3353729395108923)	(75.0, 0.28921639768955704)	(76.0, 0.2619974021866482)	(77.0, 0.2325155786291579)	(78.0, 0.19860839801973065)	(79.0, 0.1661182804417889)	(80.0, 0.13586930463578517)	(81.0, 0.11123910912344283)	(82.0, 0.0892383753816235)	(83.0, 0.07055835366958842)	(84.0, 0.056101735502372733)	(85.0, 0.04679832024831607)	(86.0, 0.03874999860225131)	(87.0, 0.027805202830615595)	(88.0, 0.01830118946210666)	(89.0, 0.014108282252254635)	(90.0, 0.01081942195010305)	(91.0, 0.0068040711793945895)	(92.0, 0.0035443518195451894)	(93.0, 0.0020717176887857826)	(94.0, 0.001187323974731008)	(95.0, 0.0006715970656155417)	(96.0, 0.00047370973649370695)	(97.0, 0.0006661754949546695)	(98.0, 0.0024363183157294368)	(99.0, 0.003275984071832016)	(100.0, 0.0013533595762202186)
14340-YK-6_2	(0.0, 0.003590445209714576)	(1.0, 0.002222333723082398)	(2.0, 0.0007457495715041604)	(3.0, 0.000587786253176461)	(4.0, 0.0005132112960260449)	(5.0, 0.0004935506255045716)	(6.0, 0.0005274483333002152)	(7.0, 0.0005742271700582035)	(8.0, 0.0006264296400634948)	(9.0, 0.0007199873135794713)	(10.0, 0.0008311717951491824)	(11.0, 0.000977609892826363)	(12.0, 0.0011070991366057218)	(13.0, 0.0013355696871483601)	(14.0, 0.0018162391836905871)	(15.0, 0.002596564417146304)	(16.0, 0.003978912941052652)	(17.0, 0.006222263242968349)	(18.0, 0.010185583238435006)	(19.0, 0.017111562895240916)	(20.0, 0.028035438209465042)	(21.0, 0.04553479088188812)	(22.0, 0.07074044844457283)	(23.0, 0.10660557920067563)	(24.0, 0.154247451599141)	(25.0, 0.2170246505283612)	(26.0, 0.29673443245566133)	(27.0, 0.39329476492817594)	(28.0, 0.5041551844113608)	(29.0, 0.627415385406192)	(30.0, 0.7587310376815801)	(31.0, 0.8962079373259043)	(32.0, 1.0370217273256317)	(33.0, 1.1898719154094362)	(34.0, 1.35942757184909)	(35.0, 1.534324829083181)	(36.0, 1.7299125692015773)	(37.0, 1.943998288464056)	(38.0, 2.143556128119478)	(39.0, 2.3192777776071596)	(40.0, 2.4744533484457447)	(41.0, 2.6064754289515943)	(42.0, 2.7312793315594392)	(43.0, 2.8470149193777936)	(44.0, 2.9226020620829876)	(45.0, 3.0101761122188773)	(46.0, 3.10242058853485)	(47.0, 3.1319895590449907)	(48.0, 3.1332525876374557)	(49.0, 3.132260740707355)	(50.0, 3.115698320678404)	(51.0, 3.0991942047068606)	(52.0, 3.122490065412339)	(53.0, 3.140760251960035)	(54.0, 3.0850629282810127)	(55.0, 3.007281247973129)	(56.0, 2.8816088860915596)	(57.0, 2.7122654293027066)	(58.0, 2.6081533654874787)	(59.0, 2.55633190571781)	(60.0, 2.4696886866379892)	(61.0, 2.3555469690401862)	(62.0, 2.2135460813134555)	(63.0, 2.035803450486998)	(64.0, 1.8601468845982843)	(65.0, 1.683528979716486)	(66.0, 1.512296064695104)	(67.0, 1.3534480161939384)	(68.0, 1.1966873885388285)	(69.0, 1.0392752469398863)	(70.0, 0.8987333165566799)	(71.0, 0.7771978309344909)	(72.0, 0.6703725945872995)	(73.0, 0.5775016886312626)	(74.0, 0.5082052825387843)	(75.0, 0.4368336587750566)	(76.0, 0.3711826121789217)	(77.0, 0.32960097198016153)	(78.0, 0.29560835060269003)	(79.0, 0.2669613977445916)	(80.0, 0.2280312362496067)	(81.0, 0.18174323830049938)	(82.0, 0.14758316224651744)	(83.0, 0.11939789616859564)	(84.0, 0.09554814691773669)	(85.0, 0.07424275961401874)	(86.0, 0.055560376939527686)	(87.0, 0.040359288855649246)	(88.0, 0.02946320966181755)	(89.0, 0.02315552419520418)	(90.0, 0.018553571384867597)	(91.0, 0.014708893366685696)	(92.0, 0.010574728923928994)	(93.0, 0.007020215284477801)	(94.0, 0.005406684393405163)	(95.0, 0.005075842765319681)	(96.0, 0.005831083695006622)	(97.0, 0.007965283377820346)	(98.0, 0.014720418587336215)	(99.0, 0.03843864473194808)	(100.0, 0.19080138377765127)
14340-YK-7_1	(0.0, 0.0029179118854647827)	(1.0, 0.0019668579504832848)	(2.0, 0.0007793771159873361)	(3.0, 0.0005304754303175999)	(4.0, 0.0005203767939061787)	(5.0, 0.0005358217672412935)	(6.0, 0.0005678997887834553)	(7.0, 0.0006391842810993701)	(8.0, 0.0007271018216223318)	(9.0, 0.0007870996026548935)	(10.0, 0.0008649185067664338)	(11.0, 0.0009944186678070125)	(12.0, 0.0011660954868011743)	(13.0, 0.0014381646324735826)	(14.0, 0.0018551789125216848)	(15.0, 0.002563271536193106)	(16.0, 0.004076284885598399)	(17.0, 0.006567677892039624)	(18.0, 0.0104960474560825)	(19.0, 0.017477769440990398)	(20.0, 0.029669793776755708)	(21.0, 0.048977792557957214)	(22.0, 0.07631598939854654)	(23.0, 0.11324789082998608)	(24.0, 0.16310070053112113)	(25.0, 0.22622133636455588)	(26.0, 0.3049093172449145)	(27.0, 0.40787857832038155)	(28.0, 0.535777214433596)	(29.0, 0.6738035947925941)	(30.0, 0.8243267406920082)	(31.0, 0.9860884808424619)	(32.0, 1.133416299373815)	(33.0, 1.2843018081091682)	(34.0, 1.4634219161759834)	(35.0, 1.6481758752854996)	(36.0, 1.8362659486354005)	(37.0, 2.049040059561995)	(38.0, 2.2694380469417768)	(39.0, 2.465378919045404)	(40.0, 2.643867565317787)	(41.0, 2.812878344299334)	(42.0, 2.9851777145263876)	(43.0, 3.131074496874499)	(44.0, 3.1712361798452853)	(45.0, 3.2061626108929033)	(46.0, 3.3019784731644686)	(47.0, 3.3206276844291835)	(48.0, 3.2958153347663224)	(49.0, 3.2961242342330244)	(50.0, 3.270861010156264)	(51.0, 3.246658736940139)	(52.0, 3.189140468165299)	(53.0, 3.1069767742471037)	(54.0, 3.0635449151913248)	(55.0, 3.006195947085735)	(56.0, 2.8768858780246656)	(57.0, 2.7423839217732535)	(58.0, 2.651063734817079)	(59.0, 2.5478016132856807)	(60.0, 2.399656993279874)	(61.0, 2.246275339238592)	(62.0, 2.087104196346386)	(63.0, 1.9280898793372743)	(64.0, 1.7533810932699425)	(65.0, 1.5315455352951233)	(66.0, 1.330596927606303)	(67.0, 1.1672568299884878)	(68.0, 1.0154095746443057)	(69.0, 0.8556449883535693)	(70.0, 0.7013360418747444)	(71.0, 0.5735080962164099)	(72.0, 0.4806333132903122)	(73.0, 0.39872802565676196)	(74.0, 0.3243242427645899)	(75.0, 0.2780748641500243)	(76.0, 0.2550767048166023)	(77.0, 0.2278561273883342)	(78.0, 0.19497496723274652)	(79.0, 0.1619987610874043)	(80.0, 0.1317753244203283)	(81.0, 0.10932783779004672)	(82.0, 0.08717499372800425)	(83.0, 0.06806480941297939)	(84.0, 0.05471084785246467)	(85.0, 0.04630046583405865)	(86.0, 0.03889578919474299)	(87.0, 0.027755211120637426)	(88.0, 0.017819340966670823)	(89.0, 0.013939682472377155)	(90.0, 0.010887518126384067)	(91.0, 0.006867072759766467)	(92.0, 0.003523236032714093)	(93.0, 0.002045864929466757)	(94.0, 0.0011512445509020254)	(95.0, 0.0006213631580203914)	(96.0, 0.00038790644568577017)	(97.0, 0.00039087663286559995)	(98.0, 0.0010472879996079828)	(99.0, 0.0014512334560648338)	(100.0, 0.0007057164739275574)
14340-YK-7_2	(0.0, 0.003329869057355782)	(1.0, 0.0020689871623327683)	(2.0, 0.0007029327435495879)	(3.0, 0.0005644852970178432)	(4.0, 0.0005181380831574308)	(5.0, 0.000497935451474687)	(6.0, 0.0004997180366231644)	(7.0, 0.0005341813494937274)	(8.0, 0.0006179628514721651)	(9.0, 0.0007070921088960351)	(10.0, 0.0008176123881016338)	(11.0, 0.000957842419781856)	(12.0, 0.0010606381633440527)	(13.0, 0.0012769251613593106)	(14.0, 0.0017510928108542987)	(15.0, 0.002646544750439446)	(16.0, 0.004109452962289898)	(17.0, 0.006317481766203905)	(18.0, 0.010445948970077562)	(19.0, 0.01761728902240214)	(20.0, 0.029120905180576293)	(21.0, 0.04805552462770323)	(22.0, 0.07470636098753934)	(23.0, 0.11192139113230201)	(24.0, 0.16018072466198116)	(25.0, 0.2254055152447692)	(26.0, 0.3085625182261904)	(27.0, 0.4055719903964295)	(28.0, 0.516276470067371)	(29.0, 0.639630173951908)	(30.0, 0.7703388241590627)	(31.0, 0.9063678968393731)	(32.0, 1.0437838207651988)	(33.0, 1.1960760119501181)	(34.0, 1.3655142954831918)	(35.0, 1.5394155780330037)	(36.0, 1.7364494680546065)	(37.0, 1.9522581390550229)	(38.0, 2.150041903229085)	(39.0, 2.3215984921135995)	(40.0, 2.4746286735499887)	(41.0, 2.6059505330482193)	(42.0, 2.728980994825833)	(43.0, 2.840434160259135)	(44.0, 2.915854743696164)	(45.0, 3.0098938348139903)	(46.0, 3.107083942279275)	(47.0, 3.143643575284447)	(48.0, 3.153282607377314)	(49.0, 3.1499158982268898)	(50.0, 3.1230475864789398)	(51.0, 3.109885571937632)	(52.0, 3.1393059514231525)	(53.0, 3.154266000184224)	(54.0, 3.095772251122087)	(55.0, 3.016510196690089)	(56.0, 2.8918528288669654)	(57.0, 2.7135990675796213)	(58.0, 2.6064763956670203)	(59.0, 2.557238422890827)	(60.0, 2.458859331131508)	(61.0, 2.3408765562993334)	(62.0, 2.1967301850479064)	(63.0, 2.0114976029042735)	(64.0, 1.8345819688683862)	(65.0, 1.6582129942780324)	(66.0, 1.4931771018666484)	(67.0, 1.3399656909401643)	(68.0, 1.1832354569305858)	(69.0, 1.0243108606032318)	(70.0, 0.8877416646229328)	(71.0, 0.7715159245521073)	(72.0, 0.6635494956692272)	(73.0, 0.5713892492978961)	(74.0, 0.5048625773616702)	(75.0, 0.43277067459189766)	(76.0, 0.3664959413566564)	(77.0, 0.3268328276079847)	(78.0, 0.2933416178383914)	(79.0, 0.2642028868063303)	(80.0, 0.22717027454176184)	(81.0, 0.18332343344961374)	(82.0, 0.1490966102087487)	(83.0, 0.12023299148460262)	(84.0, 0.09593516752075669)	(85.0, 0.07439975634200123)	(86.0, 0.05588760957506343)	(87.0, 0.04060075353677075)	(88.0, 0.02983156245976928)	(89.0, 0.02385455445692456)	(90.0, 0.019471771771868127)	(91.0, 0.01569269125709604)	(92.0, 0.011201170877982487)	(93.0, 0.006984762806783944)	(94.0, 0.005098193524645363)	(95.0, 0.004495085549410509)	(96.0, 0.004913398864253206)	(97.0, 0.0066609265048105494)	(98.0, 0.012463835358153978)	(99.0, 0.032407992194368615)	(100.0, 0.1601854782223771)
14340-YK-8_1	(0.0, 0.0024010488887734457)	(1.0, 0.0016075913980808214)	(2.0, 0.0006519532639322946)	(3.0, 0.00047878827410686845)	(4.0, 0.0004703884798242918)	(5.0, 0.0004871880683894451)	(6.0, 0.000514325865302385)	(7.0, 0.0005647246309978449)	(8.0, 0.0006222309149324079)	(9.0, 0.0006984752014973345)	(10.0, 0.0008076725271708307)	(11.0, 0.0009440076497572669)	(12.0, 0.0011204033296913765)	(13.0, 0.0013730432961904123)	(14.0, 0.0018169401171235007)	(15.0, 0.0026278433344030148)	(16.0, 0.004253526597092463)	(17.0, 0.006712727907822209)	(18.0, 0.010742690749393786)	(19.0, 0.01791159210056208)	(20.0, 0.030529375389035666)	(21.0, 0.050118341794026126)	(22.0, 0.07877327078200373)	(23.0, 0.11748081511216035)	(24.0, 0.16826790975868394)	(25.0, 0.23281192902600284)	(26.0, 0.3142363041111921)	(27.0, 0.4199018393578758)	(28.0, 0.5505024870013991)	(29.0, 0.6909224941612545)	(30.0, 0.845056134694449)	(31.0, 1.0098491141722332)	(32.0, 1.1575672502876042)	(33.0, 1.3093838398748507)	(34.0, 1.4892479887096426)	(35.0, 1.6710705818883183)	(36.0, 1.857805116308236)	(37.0, 2.0741276030195195)	(38.0, 2.2969030701538866)	(39.0, 2.4902036591506924)	(40.0, 2.664812121316678)	(41.0, 2.830783010408088)	(42.0, 2.998650960731317)	(43.0, 3.140643021698058)	(44.0, 3.179558622471214)	(45.0, 3.2138859971520177)	(46.0, 3.3036513679598056)	(47.0, 3.3182495642849017)	(48.0, 3.291177673450179)	(49.0, 3.2825226546490165)	(50.0, 3.2488362488857754)	(51.0, 3.222612091135571)	(52.0, 3.16464511079151)	(53.0, 3.0778720051623845)	(54.0, 3.0299860702334582)	(55.0, 2.9690487934034735)	(56.0, 2.840938361695723)	(57.0, 2.711601560022717)	(58.0, 2.6195462760658943)	(59.0, 2.5191105819671473)	(60.0, 2.3744628937310686)	(61.0, 2.2236924016010136)	(62.0, 2.066969039876699)	(63.0, 1.909523941982104)	(64.0, 1.732781285930322)	(65.0, 1.510341810567258)	(66.0, 1.3152262198673939)	(67.0, 1.1576292795376908)	(68.0, 1.0154059011591685)	(69.0, 0.8587691219297662)	(70.0, 0.7004536761198921)	(71.0, 0.5727192967407926)	(72.0, 0.48423650990615197)	(73.0, 0.4039751832600888)	(74.0, 0.3283537737481165)	(75.0, 0.2832236174818974)	(76.0, 0.26215241045504306)	(77.0, 0.23464373031762625)	(78.0, 0.20033897046758328)	(79.0, 0.165622620697694)	(80.0, 0.13554295737178707)	(81.0, 0.11421652582634671)	(82.0, 0.09133677847665143)	(83.0, 0.0709446625106423)	(84.0, 0.056666304506305484)	(85.0, 0.048131467377185884)	(86.0, 0.04126043565403819)	(87.0, 0.030133292781711087)	(88.0, 0.019459738800643125)	(89.0, 0.015033693351746976)	(90.0, 0.011792665034715865)	(91.0, 0.00751070836466699)	(92.0, 0.003776676737050804)	(93.0, 0.0021600394066656698)	(94.0, 0.001179201889669413)	(95.0, 0.0006933060973234411)	(96.0, 0.00046909620378081846)	(97.0, 0.0006642298863452911)	(98.0, 0.002612336021881335)	(99.0, 0.004093930505723507)	(100.0, 0.00210188698470937)
14340-YK-8_2	(0.0, 0.0028954606035066707)	(1.0, 0.0018342225876678416)	(2.0, 0.0007031832894230486)	(3.0, 0.0005771531961900573)	(4.0, 0.0005092908382953698)	(5.0, 0.0004886089768417507)	(6.0, 0.0004950720585460065)	(7.0, 0.0005357894732828191)	(8.0, 0.0005926645922802716)	(9.0, 0.0006805625034581527)	(10.0, 0.0007891422760896527)	(11.0, 0.0009352079226058375)	(12.0, 0.0011213446756884091)	(13.0, 0.0013824531765403501)	(14.0, 0.001847795059246779)	(15.0, 0.0026918735298226077)	(16.0, 0.004275974855535744)	(17.0, 0.006766846544355991)	(18.0, 0.011182423964703663)	(19.0, 0.018834066394372295)	(20.0, 0.031113921632458623)	(21.0, 0.051098416570188473)	(22.0, 0.0790939012803436)	(23.0, 0.11871582366828476)	(24.0, 0.17066801333160544)	(25.0, 0.23982557279982594)	(26.0, 0.32626993690241984)	(27.0, 0.4276110580251533)	(28.0, 0.5434146170775004)	(29.0, 0.6700393138272831)	(30.0, 0.8031665170797179)	(31.0, 0.942757448344579)	(32.0, 1.0840617425692383)	(33.0, 1.238009117223763)	(34.0, 1.4093861306183255)	(35.0, 1.585090177213887)	(36.0, 1.783002665161613)	(37.0, 2.000242352637746)	(38.0, 2.19435454854337)	(39.0, 2.3608435332450033)	(40.0, 2.5126516278554196)	(41.0, 2.6405030175126702)	(42.0, 2.7569270324086252)	(43.0, 2.8627515933096013)	(44.0, 2.9299844470462943)	(45.0, 3.0169826972509433)	(46.0, 3.1113598478373405)	(47.0, 3.142275999169649)	(48.0, 3.150208785653453)	(49.0, 3.140878680905189)	(50.0, 3.1065002567039106)	(51.0, 3.0890434730207152)	(52.0, 3.1078213106042605)	(53.0, 3.111778009223606)	(54.0, 3.049504278078589)	(55.0, 2.9730111208760377)	(56.0, 2.854069089348104)	(57.0, 2.675971117289286)	(58.0, 2.561826631310421)	(59.0, 2.514997726514064)	(60.0, 2.420815760995135)	(61.0, 2.303651076935872)	(62.0, 2.158905838011867)	(63.0, 1.9717931595919522)	(64.0, 1.7992521451824532)	(65.0, 1.630069348026486)	(66.0, 1.4713328298291075)	(67.0, 1.3217267071553314)	(68.0, 1.1638097077180527)	(69.0, 1.00720859171576)	(70.0, 0.8736173391969599)	(71.0, 0.759945950798847)	(72.0, 0.6560021466738096)	(73.0, 0.564633560620743)	(74.0, 0.4997325867629456)	(75.0, 0.42876019395217)	(76.0, 0.3633803057400872)	(77.0, 0.325243599527784)	(78.0, 0.2924111444701637)	(79.0, 0.26274042898226546)	(80.0, 0.22593253236835734)	(81.0, 0.18427344662723466)	(82.0, 0.1507319915066575)	(83.0, 0.1214413052229695)	(84.0, 0.09776315909125738)	(85.0, 0.07676654555864103)	(86.0, 0.05855875178141113)	(87.0, 0.04323026090342727)	(88.0, 0.03202263092007701)	(89.0, 0.0258587898987281)	(90.0, 0.02145161448459596)	(91.0, 0.017434162897230453)	(92.0, 0.012551304669665076)	(93.0, 0.007820975170320137)	(94.0, 0.005410892002803091)	(95.0, 0.004619164494031735)	(96.0, 0.005196963998392218)	(97.0, 0.006980774548766863)	(98.0, 0.012476332921895707)	(99.0, 0.0319289162353653)	(100.0, 0.15556637662144096)
14340-YK-9_1	(0.0, 0.0018798379866558448)	(1.0, 0.0012717284853322054)	(2.0, 0.0005282756385857665)	(3.0, 0.00039230859111032726)	(4.0, 0.00038357676237337244)	(5.0, 0.0004322255224792636)	(6.0, 0.0005045749605854606)	(7.0, 0.000576300696639018)	(8.0, 0.0006561345593768907)	(9.0, 0.0007390869323779614)	(10.0, 0.0008239104115369513)	(11.0, 0.0009368004830647242)	(12.0, 0.0011002104208563074)	(13.0, 0.0013758867281230237)	(14.0, 0.0018748483702347278)	(15.0, 0.002727449076193102)	(16.0, 0.004338471478161266)	(17.0, 0.007046585790722539)	(18.0, 0.011290254556882581)	(19.0, 0.018565739000923866)	(20.0, 0.0317202389931463)	(21.0, 0.05188203154677498)	(22.0, 0.08097960340857163)	(23.0, 0.12057096230603008)	(24.0, 0.17197211957021988)	(25.0, 0.23728308001237874)	(26.0, 0.3186387757586921)	(27.0, 0.42454525540305915)	(28.0, 0.5553636424339583)	(29.0, 0.6940107376295902)	(30.0, 0.8456807316843374)	(31.0, 1.0080416026233807)	(32.0, 1.1547887163766435)	(33.0, 1.3050029898405298)	(34.0, 1.48551920382986)	(35.0, 1.67136120964668)	(36.0, 1.857742717739033)	(37.0, 2.073059011457444)	(38.0, 2.3003185757818514)	(39.0, 2.495375155724369)	(40.0, 2.6691691089903493)	(41.0, 2.837407124371416)	(42.0, 3.0147505660189684)	(43.0, 3.1676243050353103)	(44.0, 3.2058260557594873)	(45.0, 3.236930077124626)	(46.0, 3.330723015502626)	(47.0, 3.3482827230926424)	(48.0, 3.3174687231819813)	(49.0, 3.305288445795982)	(50.0, 3.2702120660575815)	(51.0, 3.2385716609271733)	(52.0, 3.171560488689519)	(53.0, 3.0719053747187584)	(54.0, 3.0158944355835096)	(55.0, 2.9568903502976425)	(56.0, 2.8224557387655387)	(57.0, 2.6908483686380507)	(58.0, 2.606570005073068)	(59.0, 2.5064639545182494)	(60.0, 2.356793549244265)	(61.0, 2.2040308291932926)	(62.0, 2.0480236110644894)	(63.0, 1.893624296827391)	(64.0, 1.7177970748698055)	(65.0, 1.494027123529917)	(66.0, 1.302250592682231)	(67.0, 1.1491778927110972)	(68.0, 1.010356784642779)	(69.0, 0.8541512292612362)	(70.0, 0.6939003423662728)	(71.0, 0.5655343518063528)	(72.0, 0.47869880982554763)	(73.0, 0.40048594872248544)	(74.0, 0.3257545924772576)	(75.0, 0.2812958627609995)	(76.0, 0.26241702532965056)	(77.0, 0.23475833410329353)	(78.0, 0.1976867314984992)	(79.0, 0.1618226160676152)	(80.0, 0.1330786832696652)	(81.0, 0.11360670518625596)	(82.0, 0.09105239155870165)	(83.0, 0.07000556579237735)	(84.0, 0.05589742536166891)	(85.0, 0.04688617810513154)	(86.0, 0.03983148418772469)	(87.0, 0.02907823709816483)	(88.0, 0.018434761569869545)	(89.0, 0.014216040885815085)	(90.0, 0.011220399926986943)	(91.0, 0.00714637811914488)	(92.0, 0.0035133136625190354)	(93.0, 0.001941584489867168)	(94.0, 0.0009835781370126965)	(95.0, 0.0004777557723219565)	(96.0, 0.00030436660168813945)	(97.0, 0.00034802574537291347)	(98.0, 0.0011401273522252437)	(99.0, 0.0014937664160719138)	(100.0, 0.0006124754156921166)
14340-YK-9_2	(0.0, 0.0025232617718241833)	(1.0, 0.0015991889023702726)	(2.0, 0.0006027376042488034)	(3.0, 0.0004985376250463705)	(4.0, 0.0004536130831147827)	(5.0, 0.0004536130831147827)	(6.0, 0.000503529240816547)	(7.0, 0.0005447100709205026)	(8.0, 0.0005752837175128331)	(9.0, 0.000620832211415693)	(10.0, 0.000714425007106501)	(11.0, 0.0008934992228615803)	(12.0, 0.0010763171504442918)	(13.0, 0.0013589673934305318)	(14.0, 0.001849393642850366)	(15.0, 0.002696720419837814)	(16.0, 0.00432710692077169)	(17.0, 0.00686159982807877)	(18.0, 0.011251725897948936)	(19.0, 0.019010568660716917)	(20.0, 0.03151768592486523)	(21.0, 0.05133564843640818)	(22.0, 0.07926373867054529)	(23.0, 0.11874804336461209)	(24.0, 0.1697124403781134)	(25.0, 0.2372458819887441)	(26.0, 0.3221651213268993)	(27.0, 0.4214365039082542)	(28.0, 0.5351249207378213)	(29.0, 0.6589013930389148)	(30.0, 0.7889460868434074)	(31.0, 0.9257980966544781)	(32.0, 1.0673147714027786)	(33.0, 1.225018008189819)	(34.0, 1.3960575944108278)	(35.0, 1.5684268222826179)	(36.0, 1.7680814698581344)	(37.0, 1.9908354433621138)	(38.0, 2.186367016311465)	(39.0, 2.3520393676755917)	(40.0, 2.5064837033166776)	(41.0, 2.6337006467873656)	(42.0, 2.7548608884729155)	(43.0, 2.8710338820520875)	(44.0, 2.9367965479682483)	(45.0, 3.024431226285379)	(46.0, 3.1212560931873767)	(47.0, 3.153544359796763)	(48.0, 3.1624325556275332)	(49.0, 3.150440822691656)	(50.0, 3.115923799640886)	(51.0, 3.0968739220059787)	(52.0, 3.1115224424355326)	(53.0, 3.1169364736902603)	(54.0, 3.0581470950050362)	(55.0, 2.9807701870956174)	(56.0, 2.8558019665293943)	(57.0, 2.6732592017660135)	(58.0, 2.5635746847360994)	(59.0, 2.5151965686435207)	(60.0, 2.419058672861894)	(61.0, 2.303209510355812)	(62.0, 2.1587340553597394)	(63.0, 1.9746513771312595)	(64.0, 1.8024893013139316)	(65.0, 1.633560544611736)	(66.0, 1.4764787639880828)	(67.0, 1.3274646823529772)	(68.0, 1.170196964041885)	(69.0, 1.0115758939051036)	(70.0, 0.8793592232886129)	(71.0, 0.7675913306266213)	(72.0, 0.6604338190803589)	(73.0, 0.5689537247642781)	(74.0, 0.5035192575850066)	(75.0, 0.43108592114397654)	(76.0, 0.36631533886213846)	(77.0, 0.3274786963142521)	(78.0, 0.293901968884189)	(79.0, 0.2644233580014409)	(80.0, 0.2276563641422639)	(81.0, 0.1859751245573482)	(82.0, 0.1516303122506493)	(83.0, 0.12117584048483164)	(84.0, 0.09693780220879747)	(85.0, 0.07612713211096067)	(86.0, 0.057986352498197)	(87.0, 0.042423118478758175)	(88.0, 0.031218188978654637)	(89.0, 0.02534992068884098)	(90.0, 0.020923605404637034)	(91.0, 0.017051983422893942)	(92.0, 0.012384198725807712)	(93.0, 0.007563545795759829)	(94.0, 0.005245564222484151)	(95.0, 0.004519908079894754)	(96.0, 0.0049672816432968165)	(97.0, 0.006797332775037748)	(98.0, 0.012549545998194809)	(99.0, 0.03235128575848469)	(100.0, 0.16294443334572542)
