Sample	0	1	2	3	4	5	6	7	8	9	10	11	12	13	14	15	16	17	18	19	20	21	22	23	24	25	26	27	28	29	30	31	32	33	34	35	36	37
14340-YK-1_1	(1, 38.880227063883396)	(2, 38.94655486505754)	(3, 39.04306664608635)	(4, 38.96396157659805)	(5, 38.73970849636082)	(6, 38.67768853450119)	(7, 38.626463506002366)	(8, 38.85865987725075)	(9, 38.986364570219514)	(10, 38.870355091169635)	(15, 39.168235482191406)	(20, 39.25596510697744)	(25, 39.235608055251255)	(30, 39.17632410861521)	(35, 39.19884309755413)	(40, 39.15589715813225)	(45, 39.10063443760487)	(50, 39.06001926743062)	(55, 39.05984783300893)	(60, 39.03663829234334)	(65, 39.00286376511393)	(70, 38.97851446419229)	(75, 38.943424411653005)	(80, 38.93404587802532)	(85, 38.92918549363476)	(90, 38.88748960657685)	(95, 38.895367522325515)	(100, 38.85483621212458)	(105, 38.8495198289538)	(110, 38.794037678878865)	(115, 38.74920137220174)	(120, 38.677799287474514)	(125, 38.58889632938853)	(130, 38.46363938282857)	(135, 38.271178732814214)	(140, 38.12579713593432)	(145, 37.86959451795575)	(150, 37.544382717421556)
14340-YK-1_2	(1, 38.73090882222273)	(2, 38.5087742451372)	(3, 38.739407681486895)	(4, 38.77674301524331)	(5, 38.79389804166637)	(6, 38.88676531649588)	(7, 38.83044500751568)	(8, 38.859194155525174)	(9, 38.89668106140562)	(10, 38.90220187846491)	(15, 38.912122530088524)	(20, 38.925933294113854)	(25, 38.93194548387895)	(30, 38.883821739009285)	(35, 38.83665195299548)	(40, 38.79811442674698)	(45, 38.79551459975936)	(50, 38.76630144793771)	(55, 38.754264063987655)	(60, 38.714103247003514)	(65, 38.65831645737261)	(70, 38.6262853214051)	(75, 38.55487262925913)	(80, 38.54615332353786)	(85, 38.521648953926295)	(90, 38.43489056794462)	(95, 38.383354227360066)	(100, 38.32706379949098)	(105, 38.3148069960122)	(110, 38.23422325235106)	(115, 38.16905774624913)	(120, 38.08296290127305)	(125, 37.974096593259034)	(130, 37.81597681396097)	(135, 37.69618649269832)	(140, 37.5345625457304)	(145, 37.356025852295765)	(150, 36.83184950114136)
14340-YK-2_1	(1, 38.99723491262372)	(2, 39.006541047673394)	(3, 38.774039644414096)	(4, 39.0436190876008)	(5, 38.873378978240126)	(6, 38.864977945441275)	(7, 38.703920308904145)	(8, 38.895679048870846)	(9, 39.00369653582053)	(10, 38.86640372004042)	(15, 39.16716733633318)	(20, 39.25229157155687)	(25, 39.24193878749041)	(30, 39.179656907777805)	(35, 39.20013335173162)	(40, 39.16816480111138)	(45, 39.135786075457936)	(50, 39.11391149409696)	(55, 39.114293234419144)	(60, 39.09247723679533)	(65, 39.05686347222482)	(70, 39.02659398329185)	(75, 38.99351345725672)	(80, 38.98781098564933)	(85, 38.97784008456976)	(90, 38.93043628735008)	(95, 38.935929757516796)	(100, 38.894659501468745)	(105, 38.89672808108968)	(110, 38.85386847484424)	(115, 38.828182561696636)	(120, 38.78454539309971)	(125, 38.737743390648674)	(130, 38.66439424804012)	(135, 38.54237046981122)	(140, 38.48104091904129)	(145, 38.330822253821545)	(150, 38.0793690127603)
14340-YK-2_2	(1, 38.78724074784366)	(2, 38.54145536699908)	(3, 38.78050284627762)	(4, 38.80492473852602)	(5, 38.831488647632234)	(6, 38.9096973520497)	(7, 38.876010089434395)	(8, 38.9056755056411)	(9, 38.93761859879881)	(10, 38.94468950081389)	(15, 38.94779570181675)	(20, 38.955354858551466)	(25, 38.965674273111674)	(30, 38.912576444889325)	(35, 38.88771306855389)	(40, 38.86372309718038)	(45, 38.860251545923994)	(50, 38.826467219862664)	(55, 38.81123252708291)	(60, 38.77427407759089)	(65, 38.72139086384643)	(70, 38.68799575280184)	(75, 38.61948306499897)	(80, 38.60992221967557)	(85, 38.58734333545381)	(90, 38.50776607433532)	(95, 38.46305865390013)	(100, 38.41537354294909)	(105, 38.41185320504425)	(110, 38.346174102381795)	(115, 38.299987618575415)	(120, 38.2359373444721)	(125, 38.15419959024828)	(130, 38.027904190132276)	(135, 37.94170233362022)	(140, 37.81732587890808)	(145, 37.67575108752596)	(150, 37.242345407600055)
14340-YK-3_1	(1, 38.955046151288094)	(2, 38.97618739848421)	(3, 39.0810786095622)	(4, 38.975528031039104)	(5, 38.800118762979935)	(6, 38.880967591944575)	(7, 38.67571767306401)	(8, 38.940550468151116)	(9, 38.987462868239746)	(10, 38.86586691576103)	(15, 39.165963827134696)	(20, 39.24564897167755)	(25, 39.23209488316631)	(30, 39.17473420755975)	(35, 39.195055742169956)	(40, 39.16407680043925)	(45, 39.11994340770435)	(50, 39.09331229680502)	(55, 39.09132224792466)	(60, 39.076182065164566)	(65, 39.04253508141031)	(70, 39.0209147220605)	(75, 38.97702759638265)	(80, 38.96397808401197)	(85, 38.95418117141296)	(90, 38.90887692405587)	(95, 38.92218769406742)	(100, 38.88371663177086)	(105, 38.888688701976164)	(110, 38.84304986042321)	(115, 38.81579459881126)	(120, 38.76376544005696)	(125, 38.70499602694968)	(130, 38.613502689950465)	(135, 38.46773124515759)	(140, 38.36761449865443)	(145, 38.16362857880013)	(150, 37.88229536915313)
14340-YK-3_2	(1, 38.8374918070685)	(2, 38.586489394184674)	(3, 38.80146372116168)	(4, 38.825418851438926)	(5, 38.84339443470142)	(6, 38.925138981740155)	(7, 38.89307342046499)	(8, 38.92002493974838)	(9, 38.95412635825454)	(10, 38.95571789721802)	(15, 38.96027984059967)	(20, 38.96750746852301)	(25, 38.97792022267724)	(30, 38.93125796801022)	(35, 38.907186832347556)	(40, 38.88250891222491)	(45, 38.874971992683484)	(50, 38.83641940743637)	(55, 38.81991160102277)	(60, 38.782093781719865)	(65, 38.72835949520608)	(70, 38.69550447076999)	(75, 38.62822985643708)	(80, 38.61777273297371)	(85, 38.59497614021474)	(90, 38.51435244281157)	(95, 38.46936413894521)	(100, 38.422264829419134)	(105, 38.41411618084392)	(110, 38.34595754036483)	(115, 38.294537596300124)	(120, 38.225300013437874)	(125, 38.13367697856212)	(130, 37.99630217034054)	(135, 37.896779331945105)	(140, 37.75445928834556)	(145, 37.59117858247957)	(150, 37.133911119478114)
14340-YK-4_1	(1, 38.95444447612114)	(2, 38.960850303737026)	(3, 39.039752986668205)	(4, 38.977340909780985)	(5, 38.823000201880994)	(6, 38.84643695112881)	(7, 38.69720349627285)	(8, 38.866022293131664)	(9, 38.982567495120435)	(10, 38.82834698174009)	(15, 39.13836522519929)	(20, 39.22673894052576)	(25, 39.208622518005306)	(30, 39.14721657334017)	(35, 39.17130941727318)	(40, 39.13158427442094)	(45, 39.0911831825484)	(50, 39.04777141926047)	(55, 39.03806919488423)	(60, 39.02228741363562)	(65, 38.98491946895332)	(70, 38.96518175895132)	(75, 38.92937534636729)	(80, 38.91680585097938)	(85, 38.90087860879659)	(90, 38.851353557590436)	(95, 38.86405626893793)	(100, 38.83424993098729)	(105, 38.838142001838946)	(110, 38.79112972232904)	(115, 38.756318872767)	(120, 38.69877205364425)	(125, 38.62885090775754)	(130, 38.52865992741092)	(135, 38.37612384089367)	(140, 38.26112267387783)	(145, 38.04341268577513)	(150, 37.776111840447726)
14340-YK-4_2	(1, 38.710557680598306)	(2, 38.464593828653335)	(3, 38.70982476683441)	(4, 38.749054288371816)	(5, 38.76726011798102)	(6, 38.85495263213644)	(7, 38.80454375938567)	(8, 38.83770005861734)	(9, 38.868136979151096)	(10, 38.8813993134192)	(15, 38.887305257273105)	(20, 38.89902051560544)	(25, 38.90820047779275)	(30, 38.849281034798864)	(35, 38.812416877065594)	(40, 38.784850947623816)	(45, 38.79068626557943)	(50, 38.75612467066859)	(55, 38.74360064370136)	(60, 38.706374595166025)	(65, 38.65212774454429)	(70, 38.61585103964076)	(75, 38.54249221506561)	(80, 38.533831177425114)	(85, 38.50999624283479)	(90, 38.425431015920324)	(95, 38.37756719032881)	(100, 38.328297021409355)	(105, 38.32368887102632)	(110, 38.256462708918434)	(115, 38.20929298077634)	(120, 38.14397754462184)	(125, 38.06112189277685)	(130, 37.930511827421654)	(135, 37.84292939519375)	(140, 37.71586113137261)	(145, 37.57247621524361)	(150, 37.131313011032994)
14340-YK-5_1	(1, 38.92916718696404)	(2, 38.75169246859398)	(3, 38.88645789527127)	(4, 38.98396258276976)	(5, 38.70807652764091)	(6, 38.655531847549284)	(7, 38.72533040739066)	(8, 38.85171640954447)	(9, 38.98501202581544)	(10, 38.81445003301353)	(15, 39.12873470905545)	(20, 39.21933701110667)	(25, 39.2033945861304)	(30, 39.142573960797186)	(35, 39.16627659481152)	(40, 39.12899048410365)	(45, 39.08515251414194)	(50, 39.02927770202881)	(55, 39.02328889829239)	(60, 39.00930982414354)	(65, 38.969307634876124)	(70, 38.95298466911177)	(75, 38.918387419230285)	(80, 38.90403856003978)	(85, 38.889890659249645)	(90, 38.84310858385259)	(95, 38.85838547979745)	(100, 38.82304904101407)	(105, 38.82503164150463)	(110, 38.77278937607807)	(115, 38.735489602541186)	(120, 38.67334850726359)	(125, 38.59798121941966)	(130, 38.492239947108544)	(135, 38.33127892529977)	(140, 38.21726672510531)	(145, 38.0015484922276)	(150, 37.73273103947217)
14340-YK-5_2	(1, 38.746239679454874)	(2, 38.470566420017775)	(3, 38.69267797970342)	(4, 38.71746638151845)	(5, 38.71096375896712)	(6, 38.818549398383155)	(7, 38.76972642699294)	(8, 38.788882080692254)	(9, 38.82410064026084)	(10, 38.82984415373516)	(15, 38.837452393077804)	(20, 38.85450712618717)	(25, 38.86341162126711)	(30, 38.813754836124815)	(35, 38.787873635318746)	(40, 38.76307262466436)	(45, 38.757961364917996)	(50, 38.71669175651948)	(55, 38.70186321262388)	(60, 38.66348284479114)	(65, 38.60409869945023)	(70, 38.56892659350034)	(75, 38.49534152640759)	(80, 38.48635486376277)	(85, 38.46113244553571)	(90, 38.373403443317656)	(95, 38.32225810558239)	(100, 38.26425672809367)	(105, 38.260019026006084)	(110, 38.185874207733875)	(115, 38.137024574308725)	(120, 38.0660375687843)	(125, 37.98259302767694)	(130, 37.845503698447445)	(135, 37.75650643666209)	(140, 37.62513778676039)	(145, 37.478150249970064)	(150, 37.03417955882794)
14340-YK-6_1	(1, 38.95057651081854)	(2, 38.83579431947203)	(3, 39.03138637323942)	(4, 38.96636029096724)	(5, 38.7972196871757)	(6, 38.827716706552174)	(7, 38.76105938396998)	(8, 38.840931139601956)	(9, 38.96101880360972)	(10, 38.825451721661366)	(15, 39.139345496178905)	(20, 39.22699853928629)	(25, 39.21214349015488)	(30, 39.14663545193813)	(35, 39.167392829050264)	(40, 39.1262600098652)	(45, 39.057170206894114)	(50, 39.010089530742356)	(55, 39.0035486942459)	(60, 38.9899856682694)	(65, 38.95335482463708)	(70, 38.93665005690241)	(75, 38.909141632627666)	(80, 38.894422350209894)	(85, 38.880649933811455)	(90, 38.8346936305022)	(95, 38.85231935323037)	(100, 38.82007150628316)	(105, 38.81950676542588)	(110, 38.763275110751295)	(115, 38.71903757758743)	(120, 38.645525810898995)	(125, 38.55563383787677)	(130, 38.428883642464456)	(135, 38.24206517883239)	(140, 38.08979902740221)	(145, 37.83033144683502)	(150, 37.52416078899671)
14340-YK-6_2	(1, 38.60308884958658)	(2, 38.3577409855093)	(3, 38.622376960176574)	(4, 38.67533014761707)	(5, 38.68718535180722)	(6, 38.78563918331597)	(7, 38.70546806570634)	(8, 38.749814745671465)	(9, 38.774710692125055)	(10, 38.801692427269124)	(15, 38.81163546837017)	(20, 38.82771301816925)	(25, 38.83411202846584)	(30, 38.78355034994415)	(35, 38.75477620736621)	(40, 38.73704188376091)	(45, 38.73104948101492)	(50, 38.682912919696484)	(55, 38.67061431647189)	(60, 38.63111153982301)	(65, 38.57203110909267)	(70, 38.53630389211583)	(75, 38.46378290167257)	(80, 38.45564923782609)	(85, 38.429692389679126)	(90, 38.33950531071462)	(95, 38.28411752708972)	(100, 38.22253522656924)	(105, 38.21538078493189)	(110, 38.14089793600753)	(115, 38.08788610925387)	(120, 38.01602845465202)	(125, 37.927133996371325)	(130, 37.7861869760809)	(135, 37.6913959478252)	(140, 37.554344484589635)	(145, 37.40030527751374)	(150, 36.93357490566581)
14340-YK-7_1	(1, 38.93318086554838)	(2, 38.8600643092004)	(3, 39.064451169332976)	(4, 38.99589930725516)	(5, 38.86712606478035)	(6, 38.88495843539271)	(7, 38.6707251442868)	(8, 38.91201725165785)	(9, 39.00341566559616)	(10, 38.88154708133095)	(15, 39.17886986950458)	(20, 39.26224944099065)	(25, 39.24540002645692)	(30, 39.18407327048193)	(35, 39.206994546087444)	(40, 39.16590549247484)	(45, 39.10898932434817)	(50, 39.0615547914109)	(55, 39.06363007187211)	(60, 39.04493001686079)	(65, 39.00994064704163)	(70, 38.99045757978988)	(75, 38.95745247232293)	(80, 38.94698741944471)	(85, 38.94095257046863)	(90, 38.90370884398614)	(95, 38.91402002362707)	(100, 38.8777283467551)	(105, 38.87585494937082)	(110, 38.82701538207708)	(115, 38.79081132548238)	(120, 38.733218332115996)	(125, 38.66568455845968)	(130, 38.569011308176755)	(135, 38.417581963738066)	(140, 38.3231494835504)	(145, 38.13320030314465)	(150, 37.87569701800885)
14340-YK-7_2	(1, 38.71048904352143)	(2, 38.46458954293726)	(3, 38.70749051649815)	(4, 38.73958150253238)	(5, 38.76566225245573)	(6, 38.846320781751615)	(7, 38.786481038772365)	(8, 38.82445879208771)	(9, 38.85750784532104)	(10, 38.86464603070019)	(15, 38.869777399072355)	(20, 38.88623605105899)	(25, 38.895436641782034)	(30, 38.85671216497406)	(35, 38.83494554778336)	(40, 38.79426624935995)	(45, 38.786835569678075)	(50, 38.743878374850865)	(55, 38.73289350844366)	(60, 38.69523557960984)	(65, 38.63887471664957)	(70, 38.60598660357248)	(75, 38.537129871755766)	(80, 38.529454417319855)	(85, 38.50481811707702)	(90, 38.420341671730604)	(95, 38.370244537881376)	(100, 38.31595191701657)	(105, 38.30949806399138)	(110, 38.238987763558455)	(115, 38.18933888651983)	(120, 38.121960056846106)	(125, 38.03779407052902)	(130, 37.90692953876111)	(135, 37.819532423851)	(140, 37.69398002843495)	(145, 37.55204543700524)	(150, 37.10956774809522)
14340-YK-8_1	(1, 39.19657462904899)	(2, 38.973342418617825)	(3, 39.13144195616579)	(4, 39.193268713307404)	(5, 38.878084204190046)	(6, 38.93389092119582)	(7, 38.74649440690623)	(8, 38.81825949183247)	(9, 39.09790190441066)	(10, 38.914475293451815)	(15, 39.20962053082503)	(20, 39.29229562795822)	(25, 39.28807043254865)	(30, 39.233012025217256)	(35, 39.220400594453494)	(40, 39.21828542256178)	(45, 39.17546491206636)	(50, 39.14574020117957)	(55, 39.15353548858838)	(60, 39.128791971713746)	(65, 39.094818664893936)	(70, 39.06542015394078)	(75, 39.042465329615005)	(80, 39.041283043068745)	(85, 39.03601749065594)	(90, 38.991471628133006)	(95, 38.99491142229222)	(100, 38.95400862414714)	(105, 38.95309468947434)	(110, 38.90940873215692)	(115, 38.88144579739599)	(120, 38.837598326017876)	(125, 38.787491117599814)	(130, 38.7149231554104)	(135, 38.592584763480666)	(140, 38.52986275845241)	(145, 38.382038293734205)	(150, 38.14550724890394)
14340-YK-8_2	(1, 38.78002574005837)	(2, 38.56691891930769)	(3, 38.81142220555483)	(4, 38.849227710933505)	(5, 38.87342514574199)	(6, 38.94360022395685)	(7, 38.88479457917108)	(8, 38.928387581175336)	(9, 38.95647388804923)	(10, 38.97295295060228)	(15, 38.978579732588024)	(20, 38.984435909555906)	(25, 38.989733883788496)	(30, 38.942636324186275)	(35, 38.9037318376074)	(40, 38.87871488516352)	(45, 38.87964940298331)	(50, 38.84484327295684)	(55, 38.8300690931177)	(60, 38.79427592150945)	(65, 38.7424083340117)	(70, 38.71137464260034)	(75, 38.644176289479766)	(80, 38.635127864586586)	(85, 38.6125743417749)	(90, 38.5347861742567)	(95, 38.4889620791607)	(100, 38.4401503232034)	(105, 38.43810228455469)	(110, 38.376134480078846)	(115, 38.33391564115177)	(120, 38.275254119788926)	(125, 38.20055879518634)	(130, 38.083599918417676)	(135, 38.00588616171821)	(140, 37.89134899723066)	(145, 37.75972682728239)	(150, 37.33532153916768)
14340-YK-9_1	(1, 38.96904835890515)	(2, 39.012972279498875)	(3, 38.96775900418989)	(4, 39.12677347079581)	(5, 38.71565610586539)	(6, 38.63518205660818)	(7, 38.73219855212266)	(8, 38.968485627714074)	(9, 39.05344054287904)	(10, 38.88523459756898)	(15, 39.16459403890346)	(20, 39.26230889132914)	(25, 39.25724943021279)	(30, 39.175609204346486)	(35, 39.210319867288476)	(40, 39.17655126888193)	(45, 39.151117639793334)	(50, 39.12107993667849)	(55, 39.12184583883981)	(60, 39.1051091202682)	(65, 39.076846523933774)	(70, 39.05056360092339)	(75, 39.0058870361152)	(80, 38.994095849353506)	(85, 38.98277086662591)	(90, 38.93692578424689)	(95, 38.94287125186794)	(100, 38.90189900893408)	(105, 38.900165879399474)	(110, 38.853036419349934)	(115, 38.819515570228084)	(120, 38.767004069034215)	(125, 38.70379896700811)	(130, 38.613412130206044)	(135, 38.4694465787588)	(140, 38.37696971079356)	(145, 38.190610369887835)	(150, 37.930285933847344)
14340-YK-9_2	(1, 38.677476395208515)	(2, 38.45937078924663)	(3, 38.70701516834423)	(4, 38.75885742958923)	(5, 38.77179076808969)	(6, 38.85023682167022)	(7, 38.79002300857778)	(8, 38.852616649392694)	(9, 38.87057707821037)	(10, 38.89571956268584)	(15, 38.89741502424502)	(20, 38.89918911060623)	(25, 38.912411455341285)	(30, 38.853047363846336)	(35, 38.83332899280008)	(40, 38.804248860591265)	(45, 38.799168503390014)	(50, 38.76597492622375)	(55, 38.74715275837137)	(60, 38.707844706649674)	(65, 38.65358221858473)	(70, 38.61781320833397)	(75, 38.547368089337404)	(80, 38.53784240582941)	(85, 38.514628133535815)	(90, 38.432406873959074)	(95, 38.388169319512805)	(100, 38.34442335202889)	(105, 38.34318779691652)	(110, 38.27753940359472)	(115, 38.23157473458502)	(120, 38.168397616555794)	(125, 38.08838594225955)	(130, 37.962119079597365)	(135, 37.87934393746491)	(140, 37.76007806607247)	(145, 37.62568995189561)	(150, 37.19310971171119)
