Sample	0	1	2	3	4	5	6	7	8	9	10	11	12	13	14	15	16	17	18	19	20	21	22	23	24	25	26	27	28	29	30	31
14340-YK-1_1	(12.0, 12.0)	(13.0, 208.0)	(14.0, 1341.0)	(15.0, 3840.0)	(16.0, 7602.0)	(17.0, 14137.0)	(18.0, 23713.0)	(19.0, 34694.0)	(20.0, 45688.0)	(21.0, 56455.0)	(22.0, 66199.0)	(23.0, 75826.0)	(24.0, 86850.0)	(25.0, 105400.0)	(26.0, 127760.0)	(27.0, 148359.0)	(28.0, 181519.0)	(29.0, 218100.0)	(30.0, 257436.0)	(31.0, 341799.0)	(32.0, 466709.0)	(33.0, 685129.0)	(34.0, 976008.0)	(35.0, 1294335.0)	(36.0, 2157213.0)	(37.0, 3843454.0)	(38.0, 10569738.0)	(39.0, 48839947.0)	(40.0, 9220304.0)			
14340-YK-1_2	(10.0, 25.0)	(11.0, 265.0)	(12.0, 2364.0)	(13.0, 14858.0)	(14.0, 44675.0)	(15.0, 74776.0)	(16.0, 88313.0)	(17.0, 91473.0)	(18.0, 97099.0)	(19.0, 108197.0)	(20.0, 121339.0)	(21.0, 128692.0)	(22.0, 133869.0)	(23.0, 140184.0)	(24.0, 150615.0)	(25.0, 174734.0)	(26.0, 200386.0)	(27.0, 226801.0)	(28.0, 273183.0)	(29.0, 320654.0)	(30.0, 375159.0)	(31.0, 474320.0)	(32.0, 571667.0)	(33.0, 741394.0)	(34.0, 1033763.0)	(35.0, 1431017.0)	(36.0, 2586805.0)	(37.0, 4707511.0)	(38.0, 12941458.0)	(39.0, 44673815.0)	(40.0, 7920364.0)	
14340-YK-2_1	(12.0, 7.0)	(13.0, 225.0)	(14.0, 1611.0)	(15.0, 4165.0)	(16.0, 7803.0)	(17.0, 13698.0)	(18.0, 22963.0)	(19.0, 34201.0)	(20.0, 45271.0)	(21.0, 57184.0)	(22.0, 66904.0)	(23.0, 77306.0)	(24.0, 88336.0)	(25.0, 106771.0)	(26.0, 131152.0)	(27.0, 151509.0)	(28.0, 185776.0)	(29.0, 223365.0)	(30.0, 258881.0)	(31.0, 330828.0)	(32.0, 411472.0)	(33.0, 539336.0)	(34.0, 791938.0)	(35.0, 1133251.0)	(36.0, 2100846.0)	(37.0, 3842489.0)	(38.0, 10997685.0)	(39.0, 53519603.0)	(40.0, 10370624.0)			
14340-YK-2_2	(9.0, 2.0)	(10.0, 26.0)	(11.0, 318.0)	(12.0, 2472.0)	(13.0, 14656.0)	(14.0, 44444.0)	(15.0, 74602.0)	(16.0, 89507.0)	(17.0, 91202.0)	(18.0, 93658.0)	(19.0, 98676.0)	(20.0, 103924.0)	(21.0, 111135.0)	(22.0, 123575.0)	(23.0, 136575.0)	(24.0, 151748.0)	(25.0, 178023.0)	(26.0, 203080.0)	(27.0, 228266.0)	(28.0, 275677.0)	(29.0, 322877.0)	(30.0, 375865.0)	(31.0, 474671.0)	(32.0, 568205.0)	(33.0, 732961.0)	(34.0, 1019753.0)	(35.0, 1405882.0)	(36.0, 2553635.0)	(37.0, 4700002.0)	(38.0, 13152870.0)	(39.0, 48758708.0)	(40.0, 9428205.0)
14340-YK-3_1	(12.0, 9.0)	(13.0, 169.0)	(14.0, 1114.0)	(15.0, 3313.0)	(16.0, 6860.0)	(17.0, 12806.0)	(18.0, 22618.0)	(19.0, 33524.0)	(20.0, 44841.0)	(21.0, 55650.0)	(22.0, 66139.0)	(23.0, 76694.0)	(24.0, 88327.0)	(25.0, 108293.0)	(26.0, 132767.0)	(27.0, 154285.0)	(28.0, 190551.0)	(29.0, 230535.0)	(30.0, 272046.0)	(31.0, 365567.0)	(32.0, 507023.0)	(33.0, 658973.0)	(34.0, 909945.0)	(35.0, 1238595.0)	(36.0, 2188690.0)	(37.0, 4022512.0)	(38.0, 11381070.0)	(39.0, 54802316.0)	(40.0, 10399994.0)			
14340-YK-3_2	(10.0, 26.0)	(11.0, 296.0)	(12.0, 2399.0)	(13.0, 15499.0)	(14.0, 46797.0)	(15.0, 76496.0)	(16.0, 89878.0)	(17.0, 89372.0)	(18.0, 91008.0)	(19.0, 96208.0)	(20.0, 102311.0)	(21.0, 111513.0)	(22.0, 126106.0)	(23.0, 140895.0)	(24.0, 155697.0)	(25.0, 180754.0)	(26.0, 207583.0)	(27.0, 234327.0)	(28.0, 281791.0)	(29.0, 332167.0)	(30.0, 388625.0)	(31.0, 490035.0)	(32.0, 588743.0)	(33.0, 760997.0)	(34.0, 1065061.0)	(35.0, 1463354.0)	(36.0, 2641975.0)	(37.0, 4868632.0)	(38.0, 13672346.0)	(39.0, 50332815.0)	(40.0, 9321520.0)	
14340-YK-4_1	(12.0, 15.0)	(13.0, 252.0)	(14.0, 1673.0)	(15.0, 4696.0)	(16.0, 8485.0)	(17.0, 14741.0)	(18.0, 24318.0)	(19.0, 35751.0)	(20.0, 46508.0)	(21.0, 57380.0)	(22.0, 68037.0)	(23.0, 79930.0)	(24.0, 92375.0)	(25.0, 112689.0)	(26.0, 137662.0)	(27.0, 159674.0)	(28.0, 197125.0)	(29.0, 238518.0)	(30.0, 287161.0)	(31.0, 418179.0)	(32.0, 583482.0)	(33.0, 666626.0)	(34.0, 954728.0)	(35.0, 1267364.0)	(36.0, 2232986.0)	(37.0, 4149778.0)	(38.0, 11505047.0)	(39.0, 53210777.0)	(40.0, 9732503.0)			
14340-YK-4_2	(10.0, 47.0)	(11.0, 402.0)	(12.0, 3093.0)	(13.0, 18087.0)	(14.0, 51990.0)	(15.0, 84631.0)	(16.0, 100209.0)	(17.0, 103277.0)	(18.0, 107643.0)	(19.0, 114047.0)	(20.0, 118226.0)	(21.0, 123267.0)	(22.0, 133337.0)	(23.0, 145935.0)	(24.0, 161418.0)	(25.0, 187668.0)	(26.0, 215050.0)	(27.0, 244924.0)	(28.0, 295109.0)	(29.0, 344650.0)	(30.0, 401823.0)	(31.0, 505988.0)	(32.0, 604295.0)	(33.0, 779946.0)	(34.0, 1086884.0)	(35.0, 1497088.0)	(36.0, 2721771.0)	(37.0, 5001648.0)	(38.0, 13802891.0)	(39.0, 48530632.0)	(40.0, 8802484.0)	
14340-YK-5_1	(12.0, 9.0)	(13.0, 150.0)	(14.0, 1165.0)	(15.0, 3491.0)	(16.0, 6879.0)	(17.0, 12870.0)	(18.0, 22370.0)	(19.0, 33178.0)	(20.0, 44291.0)	(21.0, 55169.0)	(22.0, 64986.0)	(23.0, 76402.0)	(24.0, 89347.0)	(25.0, 109125.0)	(26.0, 133491.0)	(27.0, 157383.0)	(28.0, 194325.0)	(29.0, 237041.0)	(30.0, 285665.0)	(31.0, 410528.0)	(32.0, 605596.0)	(33.0, 717260.0)	(34.0, 986463.0)	(35.0, 1325090.0)	(36.0, 2316436.0)	(37.0, 4320583.0)	(38.0, 12247156.0)	(39.0, 53915769.0)	(40.0, 8725410.0)			
14340-YK-5_2	(9.0, 2.0)	(10.0, 28.0)	(11.0, 253.0)	(12.0, 2520.0)	(13.0, 16007.0)	(14.0, 48436.0)	(15.0, 82978.0)	(16.0, 99063.0)	(17.0, 100657.0)	(18.0, 102545.0)	(19.0, 107657.0)	(20.0, 112082.0)	(21.0, 121090.0)	(22.0, 135459.0)	(23.0, 149951.0)	(24.0, 166097.0)	(25.0, 194665.0)	(26.0, 222270.0)	(27.0, 252834.0)	(28.0, 307450.0)	(29.0, 360727.0)	(30.0, 426740.0)	(31.0, 541128.0)	(32.0, 652446.0)	(33.0, 845173.0)	(34.0, 1178322.0)	(35.0, 1630625.0)	(36.0, 2961719.0)	(37.0, 5429746.0)	(38.0, 14680657.0)	(39.0, 48392812.0)	(40.0, 7775489.0)
14340-YK-6_1	(12.0, 6.0)	(13.0, 175.0)	(14.0, 1376.0)	(15.0, 3825.0)	(16.0, 7055.0)	(17.0, 12568.0)	(18.0, 20949.0)	(19.0, 30158.0)	(20.0, 39088.0)	(21.0, 47932.0)	(22.0, 57682.0)	(23.0, 67240.0)	(24.0, 78425.0)	(25.0, 95887.0)	(26.0, 116278.0)	(27.0, 136311.0)	(28.0, 168822.0)	(29.0, 205548.0)	(30.0, 252691.0)	(31.0, 380807.0)	(32.0, 561496.0)	(33.0, 634903.0)	(34.0, 891246.0)	(35.0, 1166996.0)	(36.0, 2025438.0)	(37.0, 3691742.0)	(38.0, 10091376.0)	(39.0, 44987294.0)	(40.0, 7863292.0)			
14340-YK-6_2	(9.0, 1.0)	(10.0, 28.0)	(11.0, 404.0)	(12.0, 3065.0)	(13.0, 17572.0)	(14.0, 49671.0)	(15.0, 82876.0)	(16.0, 98059.0)	(17.0, 98374.0)	(18.0, 98403.0)	(19.0, 100694.0)	(20.0, 105490.0)	(21.0, 112241.0)	(22.0, 124182.0)	(23.0, 136249.0)	(24.0, 150525.0)	(25.0, 173200.0)	(26.0, 198662.0)	(27.0, 224903.0)	(28.0, 272168.0)	(29.0, 320158.0)	(30.0, 375958.0)	(31.0, 472461.0)	(32.0, 565631.0)	(33.0, 729034.0)	(34.0, 1009620.0)	(35.0, 1381837.0)	(36.0, 2487586.0)	(37.0, 4503796.0)	(38.0, 12098674.0)	(39.0, 40845907.0)	(40.0, 6799177.0)
14340-YK-7_1	(12.0, 9.0)	(13.0, 202.0)	(14.0, 1351.0)	(15.0, 3773.0)	(16.0, 7431.0)	(17.0, 13307.0)	(18.0, 22283.0)	(19.0, 33410.0)	(20.0, 43757.0)	(21.0, 54545.0)	(22.0, 63737.0)	(23.0, 74209.0)	(24.0, 86148.0)	(25.0, 103808.0)	(26.0, 127471.0)	(27.0, 149658.0)	(28.0, 182378.0)	(29.0, 221610.0)	(30.0, 262352.0)	(31.0, 356217.0)	(32.0, 503473.0)	(33.0, 706003.0)	(34.0, 926699.0)	(35.0, 1221509.0)	(36.0, 2102674.0)	(37.0, 3836169.0)	(38.0, 10829921.0)	(39.0, 52071271.0)	(40.0, 10048228.0)			
14340-YK-7_2	(10.0, 31.0)	(11.0, 315.0)	(12.0, 2821.0)	(13.0, 16407.0)	(14.0, 49150.0)	(15.0, 83519.0)	(16.0, 100693.0)	(17.0, 103173.0)	(18.0, 104906.0)	(19.0, 108439.0)	(20.0, 113300.0)	(21.0, 120442.0)	(22.0, 132495.0)	(23.0, 145196.0)	(24.0, 159868.0)	(25.0, 185978.0)	(26.0, 212703.0)	(27.0, 242189.0)	(28.0, 290559.0)	(29.0, 342995.0)	(30.0, 402051.0)	(31.0, 505800.0)	(32.0, 607943.0)	(33.0, 782365.0)	(34.0, 1089397.0)	(35.0, 1489176.0)	(36.0, 2686725.0)	(37.0, 4879695.0)	(38.0, 13242732.0)	(39.0, 47137760.0)	(40.0, 8714780.0)	
14340-YK-8_1	(12.0, 2.0)	(13.0, 111.0)	(14.0, 810.0)	(15.0, 2576.0)	(16.0, 5170.0)	(17.0, 9905.0)	(18.0, 17756.0)	(19.0, 26734.0)	(20.0, 35636.0)	(21.0, 44914.0)	(22.0, 52474.0)	(23.0, 59974.0)	(24.0, 68748.0)	(25.0, 83426.0)	(26.0, 102225.0)	(27.0, 118903.0)	(28.0, 147881.0)	(29.0, 178406.0)	(30.0, 211100.0)	(31.0, 275509.0)	(32.0, 350053.0)	(33.0, 471701.0)	(34.0, 698950.0)	(35.0, 1002925.0)	(36.0, 1834102.0)	(37.0, 3328922.0)	(38.0, 9732714.0)	(39.0, 48745095.0)	(40.0, 9699241.0)			
14340-YK-8_2	(9.0, 3.0)	(10.0, 29.0)	(11.0, 297.0)	(12.0, 2350.0)	(13.0, 14188.0)	(14.0, 41379.0)	(15.0, 68883.0)	(16.0, 81303.0)	(17.0, 83237.0)	(18.0, 86152.0)	(19.0, 91384.0)	(20.0, 95526.0)	(21.0, 100762.0)	(22.0, 110514.0)	(23.0, 121321.0)	(24.0, 132941.0)	(25.0, 152692.0)	(26.0, 175606.0)	(27.0, 198749.0)	(28.0, 239166.0)	(29.0, 279595.0)	(30.0, 328444.0)	(31.0, 413537.0)	(32.0, 495821.0)	(33.0, 638707.0)	(34.0, 892193.0)	(35.0, 1227961.0)	(36.0, 2230185.0)	(37.0, 4118141.0)	(38.0, 11536342.0)	(39.0, 44392180.0)	(40.0, 8956375.0)
14340-YK-9_1	(12.0, 4.0)	(13.0, 171.0)	(14.0, 1328.0)	(15.0, 3834.0)	(16.0, 6534.0)	(17.0, 11154.0)	(18.0, 18812.0)	(19.0, 28791.0)	(20.0, 38871.0)	(21.0, 49292.0)	(22.0, 58221.0)	(23.0, 67008.0)	(24.0, 76182.0)	(25.0, 93270.0)	(26.0, 115136.0)	(27.0, 134726.0)	(28.0, 166088.0)	(29.0, 201255.0)	(30.0, 237736.0)	(31.0, 315169.0)	(32.0, 420089.0)	(33.0, 589108.0)	(34.0, 826972.0)	(35.0, 1124954.0)	(36.0, 1967344.0)	(37.0, 3608108.0)	(38.0, 10355537.0)	(39.0, 50091468.0)	(40.0, 9359971.0)			
14340-YK-9_2	(9.0, 1.0)	(10.0, 37.0)	(11.0, 343.0)	(12.0, 2872.0)	(13.0, 15985.0)	(14.0, 46615.0)	(15.0, 75971.0)	(16.0, 88321.0)	(17.0, 87364.0)	(18.0, 90090.0)	(19.0, 96400.0)	(20.0, 103327.0)	(21.0, 110631.0)	(22.0, 122102.0)	(23.0, 134519.0)	(24.0, 149374.0)	(25.0, 174393.0)	(26.0, 200287.0)	(27.0, 224937.0)	(28.0, 271480.0)	(29.0, 316128.0)	(30.0, 369201.0)	(31.0, 466325.0)	(32.0, 560082.0)	(33.0, 723342.0)	(34.0, 1012336.0)	(35.0, 1394249.0)	(36.0, 2537491.0)	(37.0, 4643935.0)	(38.0, 12671918.0)	(39.0, 45114944.0)	(40.0, 8162133.0)
