Sample	0	1	2	3	4	5	6	7	8	9	10	11	12	13	14	15	16	17	18	19	20	21	22	23	24	25	26	27	28	29	30	31
14340-YK-1_1	(13.0, 30.0)	(14.0, 257.0)	(15.0, 1006.0)	(16.0, 2398.0)	(17.0, 5309.0)	(18.0, 9894.0)	(19.0, 15517.0)	(20.0, 22465.0)	(21.0, 30715.0)	(22.0, 39721.0)	(23.0, 51530.0)	(24.0, 65027.0)	(25.0, 85100.0)	(26.0, 107784.0)	(27.0, 131220.0)	(28.0, 161986.0)	(29.0, 193770.0)	(30.0, 233917.0)	(31.0, 290668.0)	(32.0, 362764.0)	(33.0, 471116.0)	(34.0, 665280.0)	(35.0, 973890.0)	(36.0, 1730804.0)	(37.0, 3445800.0)	(38.0, 9865809.0)	(39.0, 49839267.0)	(40.0, 10681444.0)				
14340-YK-1_2	(9.0, 1.0)	(10.0, 7.0)	(11.0, 69.0)	(12.0, 774.0)	(13.0, 5217.0)	(14.0, 17728.0)	(15.0, 34390.0)	(16.0, 45397.0)	(17.0, 49361.0)	(18.0, 52623.0)	(19.0, 58812.0)	(20.0, 70652.0)	(21.0, 83098.0)	(22.0, 97966.0)	(23.0, 115970.0)	(24.0, 133379.0)	(25.0, 160071.0)	(26.0, 183748.0)	(27.0, 211131.0)	(28.0, 248027.0)	(29.0, 288778.0)	(30.0, 339319.0)	(31.0, 415488.0)	(32.0, 506902.0)	(33.0, 644721.0)	(34.0, 880433.0)	(35.0, 1250542.0)	(36.0, 2157451.0)	(37.0, 4180455.0)	(38.0, 10951293.0)	(39.0, 45050445.0)	(40.0, 11250240.0)
14340-YK-2_1	(12.0, 1.0)	(13.0, 41.0)	(14.0, 317.0)	(15.0, 1059.0)	(16.0, 2541.0)	(17.0, 5351.0)	(18.0, 9753.0)	(19.0, 16144.0)	(20.0, 23117.0)	(21.0, 31995.0)	(22.0, 41123.0)	(23.0, 54077.0)	(24.0, 68405.0)	(25.0, 88729.0)	(26.0, 113247.0)	(27.0, 138131.0)	(28.0, 171154.0)	(29.0, 206349.0)	(30.0, 246714.0)	(31.0, 306385.0)	(32.0, 383474.0)	(33.0, 495500.0)	(34.0, 697247.0)	(35.0, 1023536.0)	(36.0, 1818522.0)	(37.0, 3601566.0)	(38.0, 10355821.0)	(39.0, 53829791.0)	(40.0, 11487861.0)			
14340-YK-2_2	(9.0, 1.0)	(10.0, 6.0)	(11.0, 94.0)	(12.0, 873.0)	(13.0, 5333.0)	(14.0, 18608.0)	(15.0, 35312.0)	(16.0, 47016.0)	(17.0, 51121.0)	(18.0, 54718.0)	(19.0, 61468.0)	(20.0, 73129.0)	(21.0, 85676.0)	(22.0, 101063.0)	(23.0, 119549.0)	(24.0, 138368.0)	(25.0, 166111.0)	(26.0, 189775.0)	(27.0, 217897.0)	(28.0, 256920.0)	(29.0, 298853.0)	(30.0, 350403.0)	(31.0, 429322.0)	(32.0, 524175.0)	(33.0, 666668.0)	(34.0, 913156.0)	(35.0, 1300066.0)	(36.0, 2251930.0)	(37.0, 4395733.0)	(38.0, 11689727.0)	(39.0, 48850786.0)	(40.0, 11924094.0)
14340-YK-3_1	(12.0, 1.0)	(13.0, 20.0)	(14.0, 225.0)	(15.0, 845.0)	(16.0, 2233.0)	(17.0, 4847.0)	(18.0, 9553.0)	(19.0, 15334.0)	(20.0, 22591.0)	(21.0, 30935.0)	(22.0, 40777.0)	(23.0, 53125.0)	(24.0, 67846.0)	(25.0, 89133.0)	(26.0, 114054.0)	(27.0, 139629.0)	(28.0, 172980.0)	(29.0, 209286.0)	(30.0, 251937.0)	(31.0, 314949.0)	(32.0, 395791.0)	(33.0, 510261.0)	(34.0, 719642.0)	(35.0, 1061525.0)	(36.0, 1892028.0)	(37.0, 3768862.0)	(38.0, 10866410.0)	(39.0, 55459230.0)	(40.0, 11471794.0)			
14340-YK-3_2	(10.0, 6.0)	(11.0, 95.0)	(12.0, 814.0)	(13.0, 5600.0)	(14.0, 19273.0)	(15.0, 35669.0)	(16.0, 46748.0)	(17.0, 50479.0)	(18.0, 54206.0)	(19.0, 60855.0)	(20.0, 72770.0)	(21.0, 85855.0)	(22.0, 102460.0)	(23.0, 121913.0)	(24.0, 140460.0)	(25.0, 168005.0)	(26.0, 193912.0)	(27.0, 222711.0)	(28.0, 261482.0)	(29.0, 304618.0)	(30.0, 357760.0)	(31.0, 436249.0)	(32.0, 530924.0)	(33.0, 676445.0)	(34.0, 929351.0)	(35.0, 1322162.0)	(36.0, 2287306.0)	(37.0, 4503048.0)	(38.0, 12097350.0)	(39.0, 50712091.0)	(40.0, 11885226.0)	
14340-YK-4_1	(13.0, 42.0)	(14.0, 345.0)	(15.0, 1203.0)	(16.0, 2702.0)	(17.0, 5711.0)	(18.0, 10310.0)	(19.0, 16620.0)	(20.0, 23866.0)	(21.0, 32284.0)	(22.0, 42470.0)	(23.0, 55449.0)	(24.0, 71140.0)	(25.0, 92892.0)	(26.0, 117328.0)	(27.0, 143234.0)	(28.0, 177448.0)	(29.0, 213548.0)	(30.0, 255607.0)	(31.0, 319862.0)	(32.0, 401343.0)	(33.0, 517180.0)	(34.0, 731367.0)	(35.0, 1079850.0)	(36.0, 1932207.0)	(37.0, 3856990.0)	(38.0, 11040375.0)	(39.0, 53924109.0)	(40.0, 10852968.0)				
14340-YK-4_2	(9.0, 1.0)	(10.0, 13.0)	(11.0, 98.0)	(12.0, 994.0)	(13.0, 6537.0)	(14.0, 21734.0)	(15.0, 39853.0)	(16.0, 51721.0)	(17.0, 55233.0)	(18.0, 58999.0)	(19.0, 65524.0)	(20.0, 78899.0)	(21.0, 91744.0)	(22.0, 107793.0)	(23.0, 126687.0)	(24.0, 146405.0)	(25.0, 173808.0)	(26.0, 199739.0)	(27.0, 230239.0)	(28.0, 271910.0)	(29.0, 316427.0)	(30.0, 373699.0)	(31.0, 457729.0)	(32.0, 559394.0)	(33.0, 712180.0)	(34.0, 977799.0)	(35.0, 1386403.0)	(36.0, 2395728.0)	(37.0, 4667106.0)	(38.0, 12217095.0)	(39.0, 48854563.0)	(40.0, 11272396.0)
14340-YK-5_1	(12.0, 1.0)	(13.0, 24.0)	(14.0, 230.0)	(15.0, 860.0)	(16.0, 2169.0)	(17.0, 4773.0)	(18.0, 9332.0)	(19.0, 14900.0)	(20.0, 22076.0)	(21.0, 30006.0)	(22.0, 39110.0)	(23.0, 51505.0)	(24.0, 66611.0)	(25.0, 87730.0)	(26.0, 111541.0)	(27.0, 137946.0)	(28.0, 171921.0)	(29.0, 208658.0)	(30.0, 251230.0)	(31.0, 316735.0)	(32.0, 402341.0)	(33.0, 519157.0)	(34.0, 741786.0)	(35.0, 1103251.0)	(36.0, 1990104.0)	(37.0, 4029742.0)	(38.0, 11782017.0)	(39.0, 54802992.0)	(40.0, 9793085.0)			
14340-YK-5_2	(9.0, 1.0)	(10.0, 3.0)	(11.0, 75.0)	(12.0, 787.0)	(13.0, 5439.0)	(14.0, 19018.0)	(15.0, 37462.0)	(16.0, 49545.0)	(17.0, 53658.0)	(18.0, 58237.0)	(19.0, 65771.0)	(20.0, 77922.0)	(21.0, 92068.0)	(22.0, 109757.0)	(23.0, 130306.0)	(24.0, 150355.0)	(25.0, 180054.0)	(26.0, 207247.0)	(27.0, 239446.0)	(28.0, 283155.0)	(29.0, 327725.0)	(30.0, 388810.0)	(31.0, 476858.0)	(32.0, 586684.0)	(33.0, 749129.0)	(34.0, 1035247.0)	(35.0, 1485058.0)	(36.0, 2594716.0)	(37.0, 5094586.0)	(38.0, 13299800.0)	(39.0, 48887997.0)	(40.0, 10004917.0)
14340-YK-6_1	(12.0, 1.0)	(13.0, 21.0)	(14.0, 251.0)	(15.0, 923.0)	(16.0, 2208.0)	(17.0, 4697.0)	(18.0, 8669.0)	(19.0, 13614.0)	(20.0, 19537.0)	(21.0, 26276.0)	(22.0, 34689.0)	(23.0, 45938.0)	(24.0, 58508.0)	(25.0, 76735.0)	(26.0, 97168.0)	(27.0, 118916.0)	(28.0, 147743.0)	(29.0, 178189.0)	(30.0, 215760.0)	(31.0, 270366.0)	(32.0, 341768.0)	(33.0, 440152.0)	(34.0, 627190.0)	(35.0, 924895.0)	(36.0, 1663254.0)	(37.0, 3349859.0)	(38.0, 9621234.0)	(39.0, 45914001.0)	(40.0, 9022442.0)			
14340-YK-6_2	(9.0, 1.0)	(10.0, 9.0)	(11.0, 118.0)	(12.0, 947.0)	(13.0, 6357.0)	(14.0, 20570.0)	(15.0, 38027.0)	(16.0, 49247.0)	(17.0, 52733.0)	(18.0, 55849.0)	(19.0, 61531.0)	(20.0, 73941.0)	(21.0, 85811.0)	(22.0, 100504.0)	(23.0, 118123.0)	(24.0, 135481.0)	(25.0, 160392.0)	(26.0, 184456.0)	(27.0, 211243.0)	(28.0, 248031.0)	(29.0, 289489.0)	(30.0, 340426.0)	(31.0, 414690.0)	(32.0, 505907.0)	(33.0, 646292.0)	(34.0, 883754.0)	(35.0, 1253802.0)	(36.0, 2161975.0)	(37.0, 4175148.0)	(38.0, 10763633.0)	(39.0, 41032545.0)	(40.0, 9153972.0)
14340-YK-7_1	(13.0, 29.0)	(14.0, 260.0)	(15.0, 906.0)	(16.0, 2434.0)	(17.0, 5067.0)	(18.0, 9490.0)	(19.0, 15295.0)	(20.0, 22131.0)	(21.0, 30181.0)	(22.0, 38821.0)	(23.0, 51338.0)	(24.0, 65158.0)	(25.0, 84840.0)	(26.0, 107954.0)	(27.0, 133271.0)	(28.0, 164148.0)	(29.0, 197842.0)	(30.0, 238495.0)	(31.0, 297598.0)	(32.0, 374894.0)	(33.0, 483892.0)	(34.0, 684233.0)	(35.0, 1006750.0)	(36.0, 1795842.0)	(37.0, 3588490.0)	(38.0, 10314239.0)	(39.0, 52696944.0)	(40.0, 11237465.0)				
14340-YK-7_2	(9.0, 1.0)	(10.0, 3.0)	(11.0, 69.0)	(12.0, 875.0)	(13.0, 5718.0)	(14.0, 20253.0)	(15.0, 38585.0)	(16.0, 51229.0)	(17.0, 55158.0)	(18.0, 59206.0)	(19.0, 65310.0)	(20.0, 78227.0)	(21.0, 91555.0)	(22.0, 107148.0)	(23.0, 126770.0)	(24.0, 145504.0)	(25.0, 173240.0)	(26.0, 198907.0)	(27.0, 229488.0)	(28.0, 267790.0)	(29.0, 311400.0)	(30.0, 367629.0)	(31.0, 446273.0)	(32.0, 546400.0)	(33.0, 694886.0)	(34.0, 954586.0)	(35.0, 1349157.0)	(36.0, 2335583.0)	(37.0, 4539872.0)	(38.0, 11888490.0)	(39.0, 47433881.0)	(40.0, 11064814.0)
14340-YK-8_1	(13.0, 11.0)	(14.0, 164.0)	(15.0, 646.0)	(16.0, 1730.0)	(17.0, 3886.0)	(18.0, 7542.0)	(19.0, 12359.0)	(20.0, 18055.0)	(21.0, 24516.0)	(22.0, 31769.0)	(23.0, 40819.0)	(24.0, 51673.0)	(25.0, 67609.0)	(26.0, 86239.0)	(27.0, 105807.0)	(28.0, 132875.0)	(29.0, 161995.0)	(30.0, 196082.0)	(31.0, 246161.0)	(32.0, 312449.0)	(33.0, 408127.0)	(34.0, 580863.0)	(35.0, 861115.0)	(36.0, 1547003.0)	(37.0, 3115983.0)	(38.0, 9090100.0)	(39.0, 48885922.0)	(40.0, 10982605.0)				
14340-YK-8_2	(10.0, 5.0)	(11.0, 80.0)	(12.0, 809.0)	(13.0, 5198.0)	(14.0, 17321.0)	(15.0, 32994.0)	(16.0, 42890.0)	(17.0, 46211.0)	(18.0, 49013.0)	(19.0, 54240.0)	(20.0, 64327.0)	(21.0, 74994.0)	(22.0, 87803.0)	(23.0, 103437.0)	(24.0, 118789.0)	(25.0, 140787.0)	(26.0, 162390.0)	(27.0, 187608.0)	(28.0, 221292.0)	(29.0, 257217.0)	(30.0, 304060.0)	(31.0, 372114.0)	(32.0, 455270.0)	(33.0, 580039.0)	(34.0, 798188.0)	(35.0, 1136859.0)	(36.0, 1972992.0)	(37.0, 3871081.0)	(38.0, 10367184.0)	(39.0, 44373852.0)	(40.0, 11075061.0)	
14340-YK-9_1	(12.0, 1.0)	(13.0, 27.0)	(14.0, 277.0)	(15.0, 988.0)	(16.0, 2068.0)	(17.0, 4279.0)	(18.0, 8021.0)	(19.0, 13224.0)	(20.0, 19834.0)	(21.0, 27175.0)	(22.0, 35591.0)	(23.0, 46387.0)	(24.0, 58199.0)	(25.0, 76720.0)	(26.0, 98641.0)	(27.0, 121192.0)	(28.0, 150747.0)	(29.0, 182989.0)	(30.0, 220863.0)	(31.0, 277252.0)	(32.0, 348732.0)	(33.0, 452252.0)	(34.0, 641027.0)	(35.0, 948096.0)	(36.0, 1696532.0)	(37.0, 3405147.0)	(38.0, 9879842.0)	(39.0, 50635150.0)	(40.0, 10382459.0)			
14340-YK-9_2	(10.0, 3.0)	(11.0, 86.0)	(12.0, 978.0)	(13.0, 5879.0)	(14.0, 19694.0)	(15.0, 36970.0)	(16.0, 48442.0)	(17.0, 51452.0)	(18.0, 54916.0)	(19.0, 61525.0)	(20.0, 74103.0)	(21.0, 86443.0)	(22.0, 101798.0)	(23.0, 120219.0)	(24.0, 136926.0)	(25.0, 164095.0)	(26.0, 189125.0)	(27.0, 216511.0)	(28.0, 255028.0)	(29.0, 296852.0)	(30.0, 350714.0)	(31.0, 428596.0)	(32.0, 524553.0)	(33.0, 667037.0)	(34.0, 916196.0)	(35.0, 1304719.0)	(36.0, 2263826.0)	(37.0, 4402659.0)	(38.0, 11508924.0)	(39.0, 45254697.0)	(40.0, 10190746.0)	
