Sample	0	1	2	3	4	5	6	7	8	9	10	11	12	13	14	15	16	17	18	19	20	21	22	23	24	25	26	27	28	29	30	31	32	33	34	35	36	37
14340-YK-1_1	(1, 0.0021123618485156498)	(2, 0.021211685983307835)	(3, 0.00998182186189587)	(4, 0.028170276444379937)	(5, 0.003367952750730432)	(6, 2.516214232895354e-06)	(7, 0.0003283659573928437)	(8, 0.00033465649297508216)	(9, 0.0)	(10, 0.005756091679171412)	(15, 0.002079147820641431)	(20, 0.01917509334707448)	(25, 0.03557931214977255)	(30, 0.011783779566397732)	(35, 0.017340629143668542)	(40, 0.011657456054591585)	(45, 0.020295251311316657)	(50, 0.031695704549995055)	(55, 0.02667193844630174)	(60, 0.0233564850382682)	(65, 0.021205021919803616)	(70, 0.029410573280623097)	(75, 0.02309842325093277)	(80, 0.013226928648653043)	(85, 0.011339559255515632)	(90, 0.022684306532405905)	(95, 0.024693103396408404)	(100, 0.03510695681472554)	(105, 0.014718284169264594)	(110, 0.009569708257888632)	(115, 0.030661156908038962)	(120, 0.03151588150582768)	(125, 0.01592323601242071)	(130, 0.034954035237704295)	(135, 0.05586093729293988)	(140, 0.009501169275031543)	(145, 0.016189379487744873)	(150, 0.008159839939668878)
14340-YK-1_2	(1, 0.040482112685936905)	(2, 0.06409678326165981)	(3, 0.04175405898066551)	(4, 7.800264121975599e-05)	(5, 0.02975674951822046)	(6, 0.019932191045880548)	(7, 0.030696555534206874)	(8, 0.00023023360230992493)	(9, 0.0018456431398287424)	(10, 0.01733017390764346)	(15, 0.03162277399333566)	(20, 0.03341206348089242)	(25, 0.019031689244960615)	(30, 0.01804735743185457)	(35, 0.02134685202273306)	(40, 0.007071962791544147)	(45, 0.024409839671608945)	(50, 0.015039655557164949)	(55, 0.005197024079078471)	(60, 0.005349935236410853)	(65, 0.017748266408983193)	(70, 0.017011727203921016)	(75, 0.0356707637092742)	(80, 0.029231835786521866)	(85, 0.01299461452504611)	(90, 0.02948372979994947)	(95, 0.014718416033365536)	(100, 0.020422725133441642)	(105, 0.018512803211632785)	(110, 0.013336164311880465)	(115, 0.02368240777382354)	(120, 0.002756082191116511)	(125, 0.047077810291032654)	(130, 0.03663261014891269)	(135, 0.04166249525444612)	(140, 0.02439754076557621)	(145, 0.030814232697816135)	(150, 0.042638451971299146)
14340-YK-2_1	(1, 0.002195546804452034)	(2, 0.021326492583704577)	(3, 0.009904016584486993)	(4, 0.02817129456679849)	(5, 0.003356100406591564)	(6, 7.040770083758526e-06)	(7, 0.00030862042200474876)	(8, 0.0003109673453660016)	(9, 0.0)	(10, 0.0057102992302642906)	(15, 0.0021068331013966764)	(20, 0.01900024591162795)	(25, 0.035401167067315026)	(30, 0.011903368421820073)	(35, 0.017580162667176723)	(40, 0.011615676231891442)	(45, 0.020270217051058782)	(50, 0.03150260604449333)	(55, 0.026592839606691898)	(60, 0.023129448879107325)	(65, 0.02129501571184828)	(70, 0.029239313700400147)	(75, 0.023359735139943494)	(80, 0.013265856004691653)	(85, 0.011319364308259016)	(90, 0.02272641943197327)	(95, 0.024747118067028607)	(100, 0.034967174531149336)	(105, 0.01471697089804105)	(110, 0.009642621897657577)	(115, 0.030548844075242238)	(120, 0.03128859595997787)	(125, 0.015817646446745742)	(130, 0.03465538328600025)	(135, 0.05540736917052569)	(140, 0.009483996949010637)	(145, 0.016063456068386474)	(150, 0.008124255670397621)
14340-YK-2_2	(1, 0.04067804915891489)	(2, 0.06384218273448043)	(3, 0.041686052742572983)	(4, 9.270347276948727e-05)	(5, 0.029785977839340446)	(6, 0.019816247400738375)	(7, 0.030648472174600865)	(8, 0.0002393861828477899)	(9, 0.0019115690777404399)	(10, 0.017277111016198922)	(15, 0.03164521052612495)	(20, 0.033441493601975215)	(25, 0.019151270192279846)	(30, 0.017935092937630695)	(35, 0.021294630407140233)	(40, 0.007127411621863123)	(45, 0.024156007499891136)	(50, 0.015085765079214225)	(55, 0.005242550415897051)	(60, 0.005337828357910868)	(65, 0.017831636261004036)	(70, 0.017018507240096462)	(75, 0.03562347822696628)	(80, 0.02924872880816054)	(85, 0.012855225921407839)	(90, 0.02948384539196155)	(95, 0.014636075204109861)	(100, 0.02043308955435514)	(105, 0.018396355408884384)	(110, 0.01307405616932809)	(115, 0.023442934289505682)	(120, 0.0026596793312109192)	(125, 0.04679542113067258)	(130, 0.03620251438950696)	(135, 0.04128166709603706)	(140, 0.024121853659757355)	(145, 0.030319608479747535)	(150, 0.041736335105898976)
14340-YK-3_1	(1, 0.002186213799643803)	(2, 0.020912155682873457)	(3, 0.009572810972462225)	(4, 0.02718796921414099)	(5, 0.0033791087576132443)	(6, 1.0263914552318326e-05)	(7, 0.00029651308706697384)	(8, 0.0003307261355747016)	(9, 0.0)	(10, 0.005584253777431324)	(15, 0.0020892768288719083)	(20, 0.0188397779209002)	(25, 0.034998484633795256)	(30, 0.011972998305336552)	(35, 0.01765356980754522)	(40, 0.011608243799898575)	(45, 0.01985667908351737)	(50, 0.03116134167589346)	(55, 0.02636665257674526)	(60, 0.022936834962092152)	(65, 0.02093217295833339)	(70, 0.02896586822736237)	(75, 0.023231160291481243)	(80, 0.01307537590442648)	(85, 0.011269639014629344)	(90, 0.02243614489486004)	(95, 0.024430810981556104)	(100, 0.03453249618727086)	(105, 0.014471194070827075)	(110, 0.009607872678425602)	(115, 0.03019570688058527)	(120, 0.030854929170791294)	(125, 0.015501917891043283)	(130, 0.034378480152859395)	(135, 0.05501850566186485)	(140, 0.009490967669244432)	(145, 0.01586761493727518)	(150, 0.00798707327825096)
14340-YK-3_2	(1, 0.04023454504508784)	(2, 0.06261101920409204)	(3, 0.04118224648875189)	(4, 8.097088146828902e-05)	(5, 0.029329706050724748)	(6, 0.01961434070948032)	(7, 0.0303823275098125)	(8, 0.00027142351816130685)	(9, 0.001852066359218329)	(10, 0.017046081201500224)	(15, 0.03184459320303278)	(20, 0.033050044877354696)	(25, 0.018849142284522204)	(30, 0.0178737269980578)	(35, 0.021189150729464364)	(40, 0.006948015716483674)	(45, 0.023677624206362994)	(50, 0.014891718452909108)	(55, 0.005256062168730743)	(60, 0.005381898355459703)	(65, 0.01753464589463253)	(70, 0.016818083565022707)	(75, 0.035134405858025713)	(80, 0.02925561119127747)	(85, 0.012819909907292655)	(90, 0.029020100965842177)	(95, 0.014515647148670617)	(100, 0.02018604366836132)	(105, 0.018162031552661037)	(110, 0.012973857444520445)	(115, 0.023096202186564253)	(120, 0.0026553805580075323)	(125, 0.04651185615077621)	(130, 0.035946872412568366)	(135, 0.04076626204108609)	(140, 0.023982888653867183)	(145, 0.03024188977414749)	(150, 0.04192748656254259)
14340-YK-4_1	(1, 0.0022009242485170532)	(2, 0.020978032075764867)	(3, 0.009924527269754051)	(4, 0.027891564617378458)	(5, 0.0032507569677991165)	(6, 4.6555774691000594e-06)	(7, 0.0002921374861860287)	(8, 0.00030726811296060395)	(9, 0.0)	(10, 0.005731481422209084)	(15, 0.002059161914582956)	(20, 0.019007589306234442)	(25, 0.03565599637392922)	(30, 0.011971940278964694)	(35, 0.017599482755660766)	(40, 0.011585615162351426)	(45, 0.020227346797081706)	(50, 0.031522807398636075)	(55, 0.02674257673115472)	(60, 0.02322878551419716)	(65, 0.02127471566043624)	(70, 0.029210378895762654)	(75, 0.023354978740022767)	(80, 0.013372110176321353)	(85, 0.01135640264239653)	(90, 0.022668736850947283)	(95, 0.024697345106144297)	(100, 0.03511808304573256)	(105, 0.01477553502723084)	(110, 0.009572314165317236)	(115, 0.03066662338287356)	(120, 0.03155936792871473)	(125, 0.01585205610498406)	(130, 0.034737471254741886)	(135, 0.055481048583233224)	(140, 0.009505215365993799)	(145, 0.015966813946890302)	(150, 0.007977479363131854)
14340-YK-4_2	(1, 0.04019276418510809)	(2, 0.06367549693924879)	(3, 0.042565944799981846)	(4, 8.263650007652605e-05)	(5, 0.030114602858873737)	(6, 0.0197652541450643)	(7, 0.03101894878224642)	(8, 0.00020833709174222765)	(9, 0.0017563166002179972)	(10, 0.017386719616101082)	(15, 0.03176896231251844)	(20, 0.03358874453429526)	(25, 0.018971506535475968)	(30, 0.018009042664539125)	(35, 0.021402132109126934)	(40, 0.007051316469253915)	(45, 0.02418409505217517)	(50, 0.015132348146187129)	(55, 0.005067141773718479)	(60, 0.005318361037174664)	(65, 0.017738141716318295)	(70, 0.017043129148443057)	(75, 0.03573727932457257)	(80, 0.029508071082951517)	(85, 0.012868823223463938)	(90, 0.029285354909256614)	(95, 0.014700745018392044)	(100, 0.0205461782144335)	(105, 0.01850662132742273)	(110, 0.013219733024457999)	(115, 0.023732227649930788)	(120, 0.0026800535050906385)	(125, 0.046745496225016725)	(130, 0.03642238559006433)	(135, 0.04161132859608433)	(140, 0.024185498959351733)	(145, 0.030622190386143645)	(150, 0.04219698329103373)
14340-YK-5_1	(1, 0.002162833493208063)	(2, 0.020509429071594323)	(3, 0.0095925991090764)	(4, 0.027160574629907758)	(5, 0.00324136646182115)	(6, 6.9210671782658005e-06)	(7, 0.0002837637543088978)	(8, 0.00031144802302196105)	(9, 0.0)	(10, 0.005629134638322851)	(15, 0.0020585560810555247)	(20, 0.018880237405817867)	(25, 0.03524785873941753)	(30, 0.011935699363914535)	(35, 0.017570756198999754)	(40, 0.011531228701994033)	(45, 0.019884881912893042)	(50, 0.031107414919069182)	(55, 0.02645750298639706)	(60, 0.02301701450445013)	(65, 0.021016506606968816)	(70, 0.02887009828639908)	(75, 0.02329442127758319)	(80, 0.013161737644334991)	(85, 0.011323678788982064)	(90, 0.022603711791046196)	(95, 0.02456582406623977)	(100, 0.03475680291150608)	(105, 0.014671583844809533)	(110, 0.009516329728534952)	(115, 0.030303351175210626)	(120, 0.03118563278671353)	(125, 0.01565442131434747)	(130, 0.034631442889967355)	(135, 0.05510949184655745)	(140, 0.009499674808989899)	(145, 0.01573814450831109)	(150, 0.007945043367562856)
14340-YK-5_2	(1, 0.04030137417904176)	(2, 0.06242571892556476)	(3, 0.041030393255152425)	(4, 8.997387331745541e-05)	(5, 0.029411074974040517)	(6, 0.019654677275078497)	(7, 0.030456156117958655)	(8, 0.0002180136161153727)	(9, 0.001806398533527374)	(10, 0.017137023737864673)	(15, 0.03160182343820092)	(20, 0.033085434938950206)	(25, 0.018826152798765847)	(30, 0.017690082848162328)	(35, 0.021321120245779077)	(40, 0.006871828789193787)	(45, 0.023999320112791607)	(50, 0.014980101259672293)	(55, 0.0051613332062028765)	(60, 0.0054040539512382494)	(65, 0.01772860483302382)	(70, 0.01679634229662545)	(75, 0.03554199500324015)	(80, 0.029412518120798557)	(85, 0.01291147277713179)	(90, 0.02905259036436087)	(95, 0.014604181532498973)	(100, 0.02036662488883431)	(105, 0.01802863208428704)	(110, 0.012918193629699534)	(115, 0.023190673883414444)	(120, 0.0026567097741341155)	(125, 0.04649999925235483)	(130, 0.03574556567660338)	(135, 0.04098921367488279)	(140, 0.023876387782175875)	(145, 0.03009110302079714)	(150, 0.04134255528146501)
14340-YK-6_1	(1, 0.0021713894341337287)	(2, 0.02117036415593777)	(3, 0.009866848214852949)	(4, 0.027526116625408444)	(5, 0.0033840899482914335)	(6, 1.2290883589436199e-05)	(7, 0.00026493682403895807)	(8, 0.0002758620538962347)	(9, 0.0)	(10, 0.0058422666661786735)	(15, 0.0020864457719934025)	(20, 0.019144260906010128)	(25, 0.03583195920128)	(30, 0.011828000515385904)	(35, 0.017413270378616234)	(40, 0.011506117781346692)	(45, 0.020385699110792733)	(50, 0.03183708476569821)	(55, 0.026856580125961656)	(60, 0.023385526507744912)	(65, 0.0213756430397464)	(70, 0.029502919780188503)	(75, 0.023077395814492984)	(80, 0.013350820663019864)	(85, 0.011295272970825216)	(90, 0.02273782536105284)	(95, 0.02486621107965863)	(100, 0.03526692531345822)	(105, 0.014730390496378322)	(110, 0.009570280036281246)	(115, 0.030905299568974386)	(120, 0.03147535103072765)	(125, 0.01598081416763899)	(130, 0.03533771942157081)	(135, 0.056295126829974396)	(140, 0.009408704165395744)	(145, 0.016104797619682358)	(150, 0.008211901020658677)
14340-YK-6_2	(1, 0.04026630029272515)	(2, 0.06378832017544171)	(3, 0.042276542586464044)	(4, 8.467053139389381e-05)	(5, 0.029987024650760006)	(6, 0.019713211623723505)	(7, 0.030474563033140976)	(8, 0.00021167632848473455)	(9, 0.0018163194637722381)	(10, 0.017452781566252972)	(15, 0.0317293256822492)	(20, 0.03356961077762735)	(25, 0.019244429541786862)	(30, 0.018085899456405204)	(35, 0.02130110304235606)	(40, 0.007114655602573567)	(45, 0.0242235207102339)	(50, 0.01529999364690719)	(55, 0.0051357231565088285)	(60, 0.00523663353808701)	(65, 0.0178129340164729)	(70, 0.017233692415612532)	(75, 0.03572229012495705)	(80, 0.029212169370351072)	(85, 0.012949500804514798)	(90, 0.029383160029929925)	(95, 0.014858286697009334)	(100, 0.020391238017870655)	(105, 0.01847062957637427)	(110, 0.013351752905000586)	(115, 0.023775160420711663)	(120, 0.0026510320179516304)	(125, 0.0475053593408794)	(130, 0.03651177247504215)	(135, 0.04175414467498503)	(140, 0.024482782901433676)	(145, 0.03086811737662343)	(150, 0.04249000135945567)
14340-YK-7_1	(1, 0.0022618590303054085)	(2, 0.02120911260922212)	(3, 0.00965354739414174)	(4, 0.027888291468797337)	(5, 0.0033736607735316395)	(6, 5.977428727022749e-06)	(7, 0.0002928940076241147)	(8, 0.00033234503722246486)	(9, 1.1954857454045498e-06)	(10, 0.005766545041533387)	(15, 0.0020832534599419684)	(20, 0.01906228733953242)	(25, 0.03560996478548363)	(30, 0.011879878070908007)	(35, 0.01747567626776209)	(40, 0.011487966754294008)	(45, 0.02018703012814596)	(50, 0.031877827251772316)	(55, 0.02669698016684317)	(60, 0.02323952416381852)	(65, 0.02124345250051962)	(70, 0.02916726150096033)	(75, 0.023096883542902003)	(80, 0.013225557168829206)	(85, 0.01138224584938238)	(90, 0.022650429850491396)	(95, 0.02479736550530014)	(100, 0.0350261502651545)	(105, 0.014740918367465777)	(110, 0.009710630878291009)	(115, 0.030401018959929804)	(120, 0.03138653917792754)	(125, 0.015868437856311333)	(130, 0.03482954037324793)	(135, 0.05553894076838495)	(140, 0.0094321087535952)	(145, 0.016092395394956535)	(150, 0.007962558989793415)
14340-YK-7_2	(1, 0.040339275507185725)	(2, 0.06405293075303038)	(3, 0.04215760932594605)	(4, 8.368400217831849e-05)	(5, 0.03002462449583527)	(6, 0.019815176230080413)	(7, 0.03082918640249253)	(8, 0.00023909714908090996)	(9, 0.001754973074253879)	(10, 0.017296526861662106)	(15, 0.03177959757008914)	(20, 0.033305858610281784)	(25, 0.019046248021866993)	(30, 0.018076579730002464)	(35, 0.021269605780467812)	(40, 0.006996971112133073)	(45, 0.024034532257620738)	(50, 0.015109314120744365)	(55, 0.005159085656815596)	(60, 0.005369049937492959)	(65, 0.01768676356388502)	(70, 0.01699127688377805)	(75, 0.03563049274694027)	(80, 0.029369832623808528)	(85, 0.012962991095049576)	(90, 0.02936060162815994)	(95, 0.014717666357082519)	(100, 0.020447369505234566)	(105, 0.01847859716997522)	(110, 0.013228430787051389)	(115, 0.023573548882598997)	(120, 0.002715427157076743)	(125, 0.04700745339205546)	(130, 0.036092125650430566)	(135, 0.0415845573290976)	(140, 0.02419397901738165)	(145, 0.03024947673629172)	(150, 0.04133586482235344)
14340-YK-8_1	(1, 0.002172159065701381)	(2, 0.020825185300952835)	(3, 0.009742237340726469)	(4, 0.027649558250790966)	(5, 0.0027580703926339905)	(6, 1.0393105577518569e-05)	(7, 0.0002962035089592792)	(8, 0.0002572293630435846)	(9, 0.0)	(10, 0.005683209957426591)	(15, 0.002126689228799737)	(20, 0.019210082538864873)	(25, 0.035232704214675246)	(30, 0.011865055335431583)	(35, 0.017563889557909)	(40, 0.011266838162265858)	(45, 0.019854738698751137)	(50, 0.031213921215896414)	(55, 0.02537050253827429)	(60, 0.023062766825434847)	(65, 0.021028365560772488)	(70, 0.02914586606860708)	(75, 0.023127184335635632)	(80, 0.013123912101494398)	(85, 0.009451403841668439)	(90, 0.0223200984382918)	(95, 0.024526592262606995)	(100, 0.034628856813516865)	(105, 0.014231057123151165)	(110, 0.009516064894465558)	(115, 0.030104205675550524)	(120, 0.030444134905903846)	(125, 0.01593925372367472)	(130, 0.034465786191427886)	(135, 0.05511945154012728)	(140, 0.009172574616565763)	(145, 0.01563383057249747)	(150, 0.00784273556645272)
14340-YK-8_2	(1, 0.0319211246431511)	(2, 0.06370324149920288)	(3, 0.041134612737621305)	(4, 0.00010263191757799587)	(5, 0.026983100355632585)	(6, 0.019743003182693713)	(7, 0.03067914852663763)	(8, 0.00013121295791617194)	(9, 0.0015212908289092806)	(10, 0.01703248124807687)	(15, 0.031782116856051784)	(20, 0.03255882114481921)	(25, 0.01895027602097448)	(30, 0.017952783322121618)	(35, 0.021112484182112104)	(40, 0.006831333322024482)	(45, 0.023474352395539445)	(50, 0.01388753437973172)	(55, 0.004921379978889336)	(60, 0.005183518547339473)	(65, 0.017508373974958937)	(70, 0.01669412390475973)	(75, 0.035334810960747254)	(80, 0.028286402301673723)	(85, 0.012749707193156136)	(90, 0.028575851467034317)	(95, 0.013657734379852156)	(100, 0.020224657449527086)	(105, 0.017950805944481257)	(110, 0.0129776588476236)	(115, 0.02325950734826269)	(120, 0.00252111663098701)	(125, 0.045240748683330535)	(130, 0.03505198315432488)	(135, 0.04107106933004638)	(140, 0.023823570739587453)	(145, 0.0291056223292237)	(150, 0.04142096700065498)
14340-YK-9_1	(1, 0.0020367796246586385)	(2, 0.02132347732662942)	(3, 0.00970856593256313)	(4, 0.027614417349589845)	(5, 0.003284683397155773)	(6, 1.1287571811531864e-05)	(7, 0.0002972393910370058)	(8, 0.00029598521639128)	(9, 1.2541746457257628e-06)	(10, 0.005879570739162376)	(15, 0.00205534140941538)	(20, 0.019366444625008184)	(25, 0.035858636349300234)	(30, 0.01184560175049786)	(35, 0.01749493399600219)	(40, 0.011492413008788225)	(45, 0.020300838967909143)	(50, 0.03187968028045684)	(55, 0.026857076007386023)	(60, 0.02337841362001688)	(65, 0.02127558521143213)	(70, 0.029161081416117014)	(75, 0.02306442961468627)	(80, 0.013335344379449913)	(85, 0.011396912362645884)	(90, 0.02266636626346218)	(95, 0.024747717579933794)	(100, 0.035219632459917376)	(105, 0.014761411641975222)	(110, 0.009500709460612449)	(115, 0.030635188834275764)	(120, 0.031611858929798814)	(125, 0.0158323832011233)	(130, 0.0350243066176135)	(135, 0.055959726148890256)	(140, 0.009418683854139076)	(145, 0.016086559653623513)	(150, 0.007875980525939557)
14340-YK-9_2	(1, 0.03986394111439337)	(2, 0.06349886231309537)	(3, 0.041743948908336284)	(4, 8.277552661790035e-05)	(5, 0.030002365875051697)	(6, 0.019926326771290918)	(7, 0.030951776081866098)	(8, 0.00024581823056224955)	(9, 0.0018160448870109046)	(10, 0.017436037594737847)	(15, 0.03128187484862112)	(20, 0.03375142846676737)	(25, 0.019025445405511737)	(30, 0.018007875600166125)	(35, 0.021029762199110985)	(40, 0.007045268398346066)	(45, 0.024215857530039873)	(50, 0.015007050187119158)	(55, 0.005167631302062661)	(60, 0.005335033572805221)	(65, 0.017686380292417724)	(70, 0.01725268610350918)	(75, 0.03566231324055279)	(80, 0.029003497905444955)	(85, 0.012912803549071792)	(90, 0.029479925334022872)	(95, 0.014596106467421372)	(100, 0.02048114936368613)	(105, 0.01853546345293735)	(110, 0.01309516404730818)	(115, 0.02355110905631482)	(120, 0.0026687620135349)	(125, 0.0466997979796617)	(130, 0.03608864391005447)	(135, 0.04173943532999792)	(140, 0.024465610652588315)	(145, 0.030374166511142303)	(150, 0.041864220765393124)
