Sample	1	10	11	12	13	14	15	16	17	18	19	2	20	21	22	3	4	5	6	7	8	9	MT	X	Y	KI270728.1	KI270727.1	KI270442.1	KI270729.1	GL000225.1	KI270743.1	GL000008.2	GL000009.2	KI270747.1	KI270722.1	GL000194.1	KI270742.1	GL000205.2	GL000195.1	KI270736.1	KI270733.1	GL000224.1	GL000219.1	KI270719.1	GL000216.2	KI270712.1	KI270706.1	KI270725.1	KI270744.1	KI270734.1	GL000213.1	GL000220.1	KI270715.1	GL000218.1	KI270749.1	KI270741.1	GL000221.1	KI270716.1	KI270731.1	KI270751.1	KI270750.1	KI270519.1	GL000214.1	KI270708.1	KI270730.1	KI270438.1	KI270737.1	KI270721.1	KI270738.1	KI270748.1	KI270435.1	GL000208.1	KI270538.1	KI270756.1	KI270739.1	KI270757.1	KI270709.1	KI270746.1	KI270753.1	KI270589.1	KI270726.1	KI270735.1	KI270711.1	KI270745.1	KI270714.1	KI270732.1	KI270713.1	KI270754.1	KI270710.1	KI270717.1	KI270724.1	KI270720.1	KI270723.1	KI270718.1	KI270317.1	KI270740.1	KI270755.1	KI270707.1	KI270579.1	KI270752.1	KI270512.1	KI270322.1	GL000226.1	KI270311.1	KI270366.1	KI270511.1	KI270448.1	KI270521.1	KI270581.1	KI270582.1	KI270515.1	KI270588.1	KI270591.1	KI270522.1	KI270507.1	KI270590.1	KI270584.1	KI270320.1	KI270382.1	KI270468.1	KI270467.1	KI270362.1	KI270517.1	KI270593.1	KI270528.1	KI270587.1	KI270364.1	KI270371.1	KI270333.1	KI270374.1	KI270411.1	KI270414.1	KI270510.1	KI270390.1	KI270375.1	KI270420.1	KI270509.1	KI270315.1	KI270302.1	KI270518.1	KI270530.1	KI270304.1	KI270418.1	KI270424.1	KI270417.1	KI270508.1	KI270303.1	KI270381.1	KI270529.1	KI270425.1	KI270396.1	KI270363.1	KI270386.1	KI270465.1	KI270383.1	KI270384.1	KI270330.1	KI270372.1	KI270548.1	KI270580.1	KI270387.1	KI270391.1	KI270305.1	KI270373.1	KI270422.1	KI270316.1	KI270340.1	KI270338.1	KI270583.1	KI270334.1	KI270429.1	KI270393.1	KI270516.1	KI270389.1	KI270466.1	KI270388.1	KI270544.1	KI270310.1	KI270412.1	KI270395.1	KI270376.1	KI270337.1	KI270335.1	KI270378.1	KI270379.1	KI270329.1	KI270419.1	KI270336.1	KI270312.1	KI270539.1	KI270385.1	KI270423.1	KI270392.1	KI270394.1	common_exogenous	*
14340-YK-1	[17930704, 248956422]	[4483038, 133797422]	[9569386, 135086622]	[11652553, 133275309]	[1526670, 114364328]	[5112197, 107043718]	[4320572, 101991189]	[5969262, 90338345]	[11225969, 83257441]	[2448315, 80373285]	[11569438, 58617616]	[8685657, 242193529]	[4106020, 64444167]	[22981873, 46709983]	[3376214, 50818468]	[8931655, 198295559]	[4699809, 190214555]	[8196834, 181538259]	[8022384, 170805979]	[7713013, 159345973]	[5869446, 145138636]	[6784883, 138394717]	[3655065, 16569]	[4760821, 156040895]	[367138, 57227415]	[2750, 1872759]	[6267, 448248]	[1637, 392061]	[18, 280839]	[324, 211173]	[6478, 210658]	[5966, 209709]	[11215, 201709]	[14, 198735]	[1122, 194050]	[6346, 191469]	[7266, 186739]	[6470, 185591]	[11916, 182896]	[0, 181920]	[11989876, 179772]	[6967, 179693]	[3668, 179198]	[580, 176845]	[64, 176608]	[1488, 176043]	[9150, 175055]	[96, 172810]	[14131, 168472]	[4310, 165050]	[362, 164239]	[11410599, 161802]	[12, 161471]	[11531, 161147]	[48, 158759]	[5659, 157432]	[4294, 155397]	[8, 153799]	[1831, 150754]	[9245, 150742]	[52, 148850]	[10, 138126]	[12123, 137718]	[190, 127682]	[0, 112551]	[8, 112505]	[0, 103838]	[5641, 100316]	[74, 99375]	[106, 93321]	[40, 92983]	[30, 92689]	[6, 91309]	[0, 79590]	[2, 73985]	[36, 71251]	[20, 66860]	[98, 66486]	[2, 62944]	[12, 44474]	[4437, 43739]	[12, 42811]	[6169, 42210]	[1260, 41891]	[48, 41717]	[130, 41543]	[384, 40745]	[11040, 40191]	[10, 40176]	[14, 40062]	[106, 39555]	[1021, 39050]	[8, 38115]	[1096, 38054]	[2, 37690]	[0, 37240]	[6, 36723]	[364, 32032]	[0, 31033]	[0, 27745]	[2, 22689]	[0, 21476]	[0, 15008]	[0, 12399]	[0, 8320]	[0, 8127]	[0, 7992]	[6, 7642]	[4, 7046]	[0, 6504]	[0, 6361]	[2, 6158]	[0, 5796]	[0, 5674]	[0, 5353]	[2, 4685]	[8, 4513]	[0, 4416]	[0, 4215]	[0, 4055]	[192, 3920]	[2, 3530]	[0, 3253]	[0, 3041]	[0, 2983]	[0, 2969]	[0, 2855]	[0, 2805]	[0, 2699]	[0, 2656]	[0, 2646]	[0, 2489]	[0, 2415]	[0, 2387]	[0, 2378]	[0, 2321]	[2, 2318]	[0, 2276]	[0, 2274]	[0, 2186]	[0, 2168]	[0, 2165]	[0, 2145]	[0, 2140]	[0, 2043]	[0, 1951]	[0, 1942]	[0, 1930]	[0, 1899]	[0, 1884]	[0, 1880]	[4, 1803]	[0, 1788]	[0, 1774]	[0, 1750]	[0, 1658]	[2, 1652]	[0, 1650]	[0, 1599]	[2, 1553]	[0, 1537]	[0, 1484]	[0, 1472]	[0, 1451]	[0, 1445]	[0, 1444]	[0, 1428]	[0, 1428]	[0, 1400]	[0, 1368]	[0, 1361]	[0, 1308]	[4, 1300]	[0, 1298]	[48, 1233]	[0, 1216]	[0, 1202]	[0, 1201]	[0, 1179]	[0, 1143]	[0, 1136]	[0, 1121]	[0, 1048]	[0, 1048]	[0, 1045]	[0, 1040]	[0, 1029]	[0, 1026]	[0, 998]	[0, 993]	[0, 990]	[0, 981]	[0, 971]	[0, 970]	[0, 5431]	[0, 0]
14340-YK-2	[19342303, 248956422]	[4901808, 133797422]	[10224317, 135086622]	[12415874, 133275309]	[1655032, 114364328]	[5479592, 107043718]	[4634867, 101991189]	[6360397, 90338345]	[11938645, 83257441]	[2676632, 80373285]	[12027812, 58617616]	[9400675, 242193529]	[4391887, 64444167]	[23027293, 46709983]	[3572433, 50818468]	[9624443, 198295559]	[5114342, 190214555]	[8830881, 181538259]	[8626178, 170805979]	[8243241, 159345973]	[6330975, 145138636]	[7235394, 138394717]	[4118507, 16569]	[5076208, 156040895]	[379921, 57227415]	[2516, 1872759]	[7190, 448248]	[1720, 392061]	[10, 280839]	[307, 211173]	[6228, 210658]	[5972, 209709]	[11794, 201709]	[10, 198735]	[928, 194050]	[6576, 191469]	[7800, 186739]	[7271, 185591]	[12847, 182896]	[0, 181920]	[11906434, 179772]	[7249, 179693]	[3780, 179198]	[515, 176845]	[96, 176608]	[1508, 176043]	[9288, 175055]	[112, 172810]	[14489, 168472]	[4146, 165050]	[368, 164239]	[11319234, 161802]	[0, 161471]	[11967, 161147]	[56, 158759]	[5779, 157432]	[4306, 155397]	[30, 153799]	[1554, 150754]	[10159, 150742]	[86, 148850]	[16, 138126]	[13377, 137718]	[174, 127682]	[0, 112551]	[28, 112505]	[0, 103838]	[5334, 100316]	[70, 99375]	[116, 93321]	[38, 92983]	[20, 92689]	[2, 91309]	[0, 79590]	[2, 73985]	[28, 71251]	[44, 66860]	[104, 66486]	[2, 62944]	[12, 44474]	[4610, 43739]	[6, 42811]	[6470, 42210]	[1138, 41891]	[40, 41717]	[160, 41543]	[458, 40745]	[12110, 40191]	[6, 40176]	[14, 40062]	[108, 39555]	[1156, 39050]	[10, 38115]	[936, 38054]	[0, 37690]	[0, 37240]	[2, 36723]	[412, 32032]	[0, 31033]	[0, 27745]	[2, 22689]	[0, 21476]	[0, 15008]	[0, 12399]	[4, 8320]	[0, 8127]	[2, 7992]	[18, 7642]	[2, 7046]	[0, 6504]	[0, 6361]	[0, 6158]	[2, 5796]	[0, 5674]	[0, 5353]	[8, 4685]	[10, 4513]	[0, 4416]	[0, 4215]	[0, 4055]	[176, 3920]	[0, 3530]	[0, 3253]	[0, 3041]	[0, 2983]	[2, 2969]	[0, 2855]	[0, 2805]	[0, 2699]	[0, 2656]	[0, 2646]	[0, 2489]	[0, 2415]	[0, 2387]	[0, 2378]	[0, 2321]	[0, 2318]	[0, 2276]	[0, 2274]	[0, 2186]	[0, 2168]	[0, 2165]	[0, 2145]	[0, 2140]	[0, 2043]	[0, 1951]	[0, 1942]	[0, 1930]	[0, 1899]	[0, 1884]	[0, 1880]	[0, 1803]	[0, 1788]	[0, 1774]	[0, 1750]	[0, 1658]	[4, 1652]	[0, 1650]	[0, 1599]	[0, 1553]	[0, 1537]	[0, 1484]	[0, 1472]	[0, 1451]	[0, 1445]	[0, 1444]	[0, 1428]	[0, 1428]	[0, 1400]	[0, 1368]	[0, 1361]	[0, 1308]	[0, 1300]	[0, 1298]	[68, 1233]	[0, 1216]	[0, 1202]	[0, 1201]	[0, 1179]	[0, 1143]	[0, 1136]	[2, 1121]	[0, 1048]	[0, 1048]	[2, 1045]	[0, 1040]	[0, 1029]	[0, 1026]	[0, 998]	[0, 993]	[0, 990]	[0, 981]	[0, 971]	[0, 970]	[0, 5431]	[0, 0]
14340-YK-3	[19941075, 248956422]	[5043871, 133797422]	[10514898, 135086622]	[12744035, 133275309]	[1701801, 114364328]	[5664551, 107043718]	[4798897, 101991189]	[6578149, 90338345]	[12320888, 83257441]	[2745912, 80373285]	[12484604, 58617616]	[9681795, 242193529]	[4539454, 64444167]	[24229566, 46709983]	[3709767, 50818468]	[9948507, 198295559]	[5252579, 190214555]	[9117472, 181538259]	[8864244, 170805979]	[8507411, 159345973]	[6549033, 145138636]	[7479029, 138394717]	[3726870, 16569]	[5253653, 156040895]	[398111, 57227415]	[2621, 1872759]	[7600, 448248]	[1728, 392061]	[28, 280839]	[358, 211173]	[7255, 210658]	[6639, 209709]	[12753, 201709]	[22, 198735]	[1210, 194050]	[6826, 191469]	[8231, 186739]	[7418, 185591]	[13748, 182896]	[6, 181920]	[12566905, 179772]	[7719, 179693]	[3806, 179198]	[500, 176845]	[88, 176608]	[1570, 176043]	[9983, 175055]	[136, 172810]	[15645, 168472]	[4411, 165050]	[432, 164239]	[11901392, 161802]	[48, 161471]	[12812, 161147]	[34, 158759]	[6165, 157432]	[4904, 155397]	[76, 153799]	[1698, 150754]	[11117, 150742]	[78, 148850]	[16, 138126]	[14366, 137718]	[212, 127682]	[0, 112551]	[20, 112505]	[0, 103838]	[5652, 100316]	[62, 99375]	[74, 93321]	[48, 92983]	[28, 92689]	[0, 91309]	[0, 79590]	[8, 73985]	[32, 71251]	[34, 66860]	[118, 66486]	[2, 62944]	[18, 44474]	[4840, 43739]	[34, 42811]	[6908, 42210]	[1303, 41891]	[68, 41717]	[166, 41543]	[668, 40745]	[13306, 40191]	[0, 40176]	[30, 40062]	[124, 39555]	[1198, 39050]	[14, 38115]	[1104, 38054]	[0, 37690]	[0, 37240]	[6, 36723]	[402, 32032]	[4, 31033]	[0, 27745]	[2, 22689]	[0, 21476]	[0, 15008]	[0, 12399]	[0, 8320]	[0, 8127]	[0, 7992]	[20, 7642]	[4, 7046]	[0, 6504]	[4, 6361]	[4, 6158]	[0, 5796]	[0, 5674]	[0, 5353]	[0, 4685]	[6, 4513]	[0, 4416]	[0, 4215]	[0, 4055]	[258, 3920]	[0, 3530]	[0, 3253]	[0, 3041]	[0, 2983]	[0, 2969]	[0, 2855]	[0, 2805]	[0, 2699]	[0, 2656]	[0, 2646]	[0, 2489]	[0, 2415]	[0, 2387]	[0, 2378]	[0, 2321]	[0, 2318]	[0, 2276]	[0, 2274]	[0, 2186]	[0, 2168]	[0, 2165]	[0, 2145]	[0, 2140]	[0, 2043]	[0, 1951]	[0, 1942]	[0, 1930]	[0, 1899]	[0, 1884]	[0, 1880]	[0, 1803]	[0, 1788]	[2, 1774]	[0, 1750]	[0, 1658]	[4, 1652]	[0, 1650]	[0, 1599]	[4, 1553]	[0, 1537]	[0, 1484]	[0, 1472]	[0, 1451]	[0, 1445]	[0, 1444]	[0, 1428]	[0, 1428]	[0, 1400]	[0, 1368]	[0, 1361]	[0, 1308]	[0, 1300]	[0, 1298]	[80, 1233]	[0, 1216]	[0, 1202]	[0, 1201]	[0, 1179]	[0, 1143]	[0, 1136]	[0, 1121]	[0, 1048]	[0, 1048]	[2, 1045]	[0, 1040]	[0, 1029]	[0, 1026]	[0, 998]	[0, 993]	[0, 990]	[0, 981]	[0, 971]	[0, 970]	[0, 5431]	[0, 0]
14340-YK-4	[19656029, 248956422]	[5132115, 133797422]	[10622369, 135086622]	[12392719, 133275309]	[1674001, 114364328]	[5678491, 107043718]	[4717128, 101991189]	[6496850, 90338345]	[12338696, 83257441]	[2747718, 80373285]	[12166207, 58617616]	[9513044, 242193529]	[4437477, 64444167]	[16288358, 46709983]	[3670908, 50818468]	[9887353, 198295559]	[5247148, 190214555]	[8947970, 181538259]	[8766834, 170805979]	[8420792, 159345973]	[6470939, 145138636]	[7400369, 138394717]	[3878719, 16569]	[5215280, 156040895]	[407883, 57227415]	[2936, 1872759]	[9437, 448248]	[1821, 392061]	[14, 280839]	[401, 211173]	[7333, 210658]	[6809, 209709]	[13173, 201709]	[52, 198735]	[1334, 194050]	[7490, 191469]	[9095, 186739]	[7526, 185591]	[13803, 182896]	[0, 181920]	[8057705, 179772]	[7402, 179693]	[4030, 179198]	[562, 176845]	[70, 176608]	[1818, 176043]	[10462, 175055]	[186, 172810]	[16498, 168472]	[4604, 165050]	[528, 164239]	[7703343, 161802]	[0, 161471]	[13863, 161147]	[38, 158759]	[5694, 157432]	[5401, 155397]	[34, 153799]	[1796, 150754]	[11224, 150742]	[124, 148850]	[24, 138126]	[14665, 137718]	[298, 127682]	[0, 112551]	[10, 112505]	[0, 103838]	[5461, 100316]	[88, 99375]	[98, 93321]	[56, 92983]	[18, 92689]	[2, 91309]	[0, 79590]	[2, 73985]	[34, 71251]	[18, 66860]	[102, 66486]	[0, 62944]	[10, 44474]	[4716, 43739]	[10, 42811]	[8284, 42210]	[1652, 41891]	[100, 41717]	[167, 41543]	[456, 40745]	[14643, 40191]	[2, 40176]	[14, 40062]	[110, 39555]	[1258, 39050]	[20, 38115]	[1098, 38054]	[0, 37690]	[0, 37240]	[16, 36723]	[418, 32032]	[2, 31033]	[0, 27745]	[6, 22689]	[0, 21476]	[0, 15008]	[0, 12399]	[0, 8320]	[0, 8127]	[0, 7992]	[20, 7642]	[4, 7046]	[0, 6504]	[0, 6361]	[0, 6158]	[4, 5796]	[0, 5674]	[0, 5353]	[6, 4685]	[16, 4513]	[0, 4416]	[0, 4215]	[0, 4055]	[132, 3920]	[0, 3530]	[0, 3253]	[0, 3041]	[0, 2983]	[4, 2969]	[0, 2855]	[0, 2805]	[0, 2699]	[0, 2656]	[0, 2646]	[0, 2489]	[0, 2415]	[0, 2387]	[0, 2378]	[0, 2321]	[6, 2318]	[0, 2276]	[0, 2274]	[0, 2186]	[0, 2168]	[0, 2165]	[0, 2145]	[0, 2140]	[0, 2043]	[0, 1951]	[0, 1942]	[0, 1930]	[0, 1899]	[0, 1884]	[0, 1880]	[0, 1803]	[0, 1788]	[0, 1774]	[0, 1750]	[0, 1658]	[10, 1652]	[0, 1650]	[0, 1599]	[2, 1553]	[0, 1537]	[0, 1484]	[0, 1472]	[0, 1451]	[0, 1445]	[0, 1444]	[0, 1428]	[0, 1428]	[2, 1400]	[0, 1368]	[0, 1361]	[0, 1308]	[0, 1300]	[0, 1298]	[44, 1233]	[0, 1216]	[0, 1202]	[0, 1201]	[0, 1179]	[0, 1143]	[0, 1136]	[0, 1121]	[0, 1048]	[0, 1048]	[0, 1045]	[0, 1040]	[0, 1029]	[0, 1026]	[0, 998]	[0, 993]	[0, 990]	[0, 981]	[0, 971]	[0, 970]	[0, 5431]	[0, 0]
14340-YK-5	[19731444, 248956422]	[5144931, 133797422]	[10749222, 135086622]	[12644053, 133275309]	[1691147, 114364328]	[5635324, 107043718]	[4772905, 101991189]	[6538768, 90338345]	[12522813, 83257441]	[2746181, 80373285]	[12445995, 58617616]	[9553179, 242193529]	[4477297, 64444167]	[17418336, 46709983]	[3709216, 50818468]	[9981734, 198295559]	[5239955, 190214555]	[9023414, 181538259]	[8961495, 170805979]	[8459752, 159345973]	[6459313, 145138636]	[7504013, 138394717]	[3788724, 16569]	[5277246, 156040895]	[412355, 57227415]	[2665, 1872759]	[7894, 448248]	[1669, 392061]	[34, 280839]	[408, 211173]	[6539, 210658]	[6075, 209709]	[11811, 201709]	[16, 198735]	[1115, 194050]	[6869, 191469]	[8098, 186739]	[6743, 185591]	[12022, 182896]	[0, 181920]	[8749788, 179772]	[7057, 179693]	[4007, 179198]	[573, 176845]	[80, 176608]	[1784, 176043]	[9525, 175055]	[106, 172810]	[15495, 168472]	[4673, 165050]	[380, 164239]	[8347324, 161802]	[30, 161471]	[12887, 161147]	[34, 158759]	[5684, 157432]	[4678, 155397]	[10, 153799]	[1808, 150754]	[10181, 150742]	[76, 148850]	[20, 138126]	[13535, 137718]	[238, 127682]	[4, 112551]	[16, 112505]	[4, 103838]	[5901, 100316]	[52, 99375]	[90, 93321]	[54, 92983]	[36, 92689]	[4, 91309]	[0, 79590]	[14, 73985]	[22, 71251]	[56, 66860]	[68, 66486]	[8, 62944]	[8, 44474]	[4969, 43739]	[8, 42811]	[7318, 42210]	[1277, 41891]	[58, 41717]	[118, 41543]	[396, 40745]	[12474, 40191]	[4, 40176]	[24, 40062]	[160, 39555]	[1123, 39050]	[24, 38115]	[967, 38054]	[0, 37690]	[0, 37240]	[4, 36723]	[400, 32032]	[8, 31033]	[0, 27745]	[2, 22689]	[0, 21476]	[0, 15008]	[0, 12399]	[2, 8320]	[0, 8127]	[0, 7992]	[18, 7642]	[6, 7046]	[0, 6504]	[2, 6361]	[0, 6158]	[0, 5796]	[0, 5674]	[2, 5353]	[0, 4685]	[10, 4513]	[0, 4416]	[0, 4215]	[0, 4055]	[104, 3920]	[0, 3530]	[0, 3253]	[0, 3041]	[0, 2983]	[0, 2969]	[0, 2855]	[0, 2805]	[2, 2699]	[0, 2656]	[0, 2646]	[0, 2489]	[0, 2415]	[0, 2387]	[0, 2378]	[0, 2321]	[0, 2318]	[0, 2276]	[0, 2274]	[0, 2186]	[0, 2168]	[0, 2165]	[0, 2145]	[0, 2140]	[0, 2043]	[0, 1951]	[0, 1942]	[0, 1930]	[0, 1899]	[0, 1884]	[0, 1880]	[0, 1803]	[0, 1788]	[0, 1774]	[0, 1750]	[0, 1658]	[11, 1652]	[0, 1650]	[0, 1599]	[4, 1553]	[0, 1537]	[0, 1484]	[0, 1472]	[0, 1451]	[0, 1445]	[0, 1444]	[0, 1428]	[0, 1428]	[0, 1400]	[0, 1368]	[0, 1361]	[0, 1308]	[0, 1300]	[0, 1298]	[26, 1233]	[0, 1216]	[0, 1202]	[0, 1201]	[0, 1179]	[0, 1143]	[0, 1136]	[2, 1121]	[0, 1048]	[0, 1048]	[0, 1045]	[0, 1040]	[0, 1029]	[0, 1026]	[0, 998]	[0, 993]	[0, 990]	[0, 981]	[0, 971]	[0, 970]	[0, 5431]	[0, 0]
14340-YK-6	[16729821, 248956422]	[4374041, 133797422]	[9061114, 135086622]	[10577141, 133275309]	[1427728, 114364328]	[4786888, 107043718]	[4023514, 101991189]	[5555577, 90338345]	[10523159, 83257441]	[2336981, 80373285]	[10440578, 58617616]	[8085522, 242193529]	[3811928, 64444167]	[11638899, 46709983]	[3128345, 50818468]	[8428388, 198295559]	[4461475, 190214555]	[7653305, 181538259]	[7464783, 170805979]	[7216459, 159345973]	[5465171, 145138636]	[6297378, 138394717]	[4051654, 16569]	[4439871, 156040895]	[349607, 57227415]	[2586, 1872759]	[8256, 448248]	[1528, 392061]	[30, 280839]	[338, 211173]	[5888, 210658]	[5286, 209709]	[10449, 201709]	[8, 198735]	[974, 194050]	[5737, 191469]	[7175, 186739]	[6297, 185591]	[11314, 182896]	[8, 181920]	[5620629, 179772]	[6016, 179693]	[3520, 179198]	[494, 176845]	[76, 176608]	[1631, 176043]	[8355, 175055]	[148, 172810]	[14054, 168472]	[4039, 165050]	[468, 164239]	[5359823, 161802]	[0, 161471]	[10733, 161147]	[32, 158759]	[4773, 157432]	[4013, 155397]	[0, 153799]	[1570, 150754]	[9126, 150742]	[66, 148850]	[18, 138126]	[11881, 137718]	[198, 127682]	[2, 112551]	[16, 112505]	[8, 103838]	[4616, 100316]	[88, 99375]	[88, 93321]	[44, 92983]	[24, 92689]	[8, 91309]	[2, 79590]	[8, 73985]	[16, 71251]	[32, 66860]	[66, 66486]	[2, 62944]	[10, 44474]	[3968, 43739]	[20, 42811]	[7032, 42210]	[1482, 41891]	[64, 41717]	[142, 41543]	[422, 40745]	[10725, 40191]	[0, 40176]	[26, 40062]	[100, 39555]	[1032, 39050]	[14, 38115]	[921, 38054]	[0, 37690]	[0, 37240]	[12, 36723]	[302, 32032]	[2, 31033]	[0, 27745]	[4, 22689]	[0, 21476]	[0, 15008]	[0, 12399]	[0, 8320]	[0, 8127]	[0, 7992]	[44, 7642]	[0, 7046]	[2, 6504]	[0, 6361]	[2, 6158]	[0, 5796]	[0, 5674]	[0, 5353]	[4, 4685]	[12, 4513]	[0, 4416]	[0, 4215]	[0, 4055]	[76, 3920]	[0, 3530]	[0, 3253]	[0, 3041]	[0, 2983]	[2, 2969]	[0, 2855]	[0, 2805]	[0, 2699]	[0, 2656]	[0, 2646]	[0, 2489]	[0, 2415]	[0, 2387]	[0, 2378]	[0, 2321]	[0, 2318]	[0, 2276]	[0, 2274]	[0, 2186]	[0, 2168]	[0, 2165]	[0, 2145]	[0, 2140]	[0, 2043]	[0, 1951]	[0, 1942]	[0, 1930]	[0, 1899]	[0, 1884]	[0, 1880]	[0, 1803]	[0, 1788]	[0, 1774]	[0, 1750]	[0, 1658]	[10, 1652]	[0, 1650]	[0, 1599]	[2, 1553]	[0, 1537]	[0, 1484]	[0, 1472]	[0, 1451]	[0, 1445]	[0, 1444]	[0, 1428]	[0, 1428]	[0, 1400]	[0, 1368]	[0, 1361]	[0, 1308]	[0, 1300]	[0, 1298]	[22, 1233]	[0, 1216]	[0, 1202]	[0, 1201]	[0, 1179]	[0, 1143]	[0, 1136]	[0, 1121]	[0, 1048]	[0, 1048]	[0, 1045]	[0, 1040]	[0, 1029]	[0, 1026]	[0, 998]	[0, 993]	[0, 990]	[0, 981]	[0, 971]	[0, 970]	[0, 5431]	[0, 0]
14340-YK-7	[19096786, 248956422]	[4937170, 133797422]	[10197178, 135086622]	[12158186, 133275309]	[1645679, 114364328]	[5417838, 107043718]	[4603598, 101991189]	[6287146, 90338345]	[11860283, 83257441]	[2673207, 80373285]	[11749208, 58617616]	[9320575, 242193529]	[4317296, 64444167]	[16509344, 46709983]	[3530996, 50818468]	[9570527, 198295559]	[5079631, 190214555]	[8746874, 181538259]	[8574614, 170805979]	[8136665, 159345973]	[6229695, 145138636]	[7169711, 138394717]	[4389910, 16569]	[5015925, 156040895]	[384517, 57227415]	[2712, 1872759]	[7661, 448248]	[1516, 392061]	[36, 280839]	[362, 211173]	[6907, 210658]	[6113, 209709]	[11989, 201709]	[26, 198735]	[1154, 194050]	[6508, 191469]	[7999, 186739]	[7072, 185591]	[12862, 182896]	[0, 181920]	[8270146, 179772]	[7540, 179693]	[4093, 179198]	[413, 176845]	[104, 176608]	[1629, 176043]	[9796, 175055]	[140, 172810]	[15802, 168472]	[3881, 165050]	[430, 164239]	[7903858, 161802]	[42, 161471]	[12089, 161147]	[40, 158759]	[5984, 157432]	[4457, 155397]	[14, 153799]	[1478, 150754]	[10667, 150742]	[58, 148850]	[26, 138126]	[13957, 137718]	[232, 127682]	[2, 112551]	[4, 112505]	[0, 103838]	[5313, 100316]	[70, 99375]	[74, 93321]	[36, 92983]	[34, 92689]	[8, 91309]	[0, 79590]	[12, 73985]	[46, 71251]	[28, 66860]	[94, 66486]	[2, 62944]	[34, 44474]	[4655, 43739]	[14, 42811]	[6746, 42210]	[1159, 41891]	[68, 41717]	[156, 41543]	[436, 40745]	[12149, 40191]	[10, 40176]	[30, 40062]	[116, 39555]	[1092, 39050]	[12, 38115]	[1014, 38054]	[0, 37690]	[0, 37240]	[2, 36723]	[392, 32032]	[6, 31033]	[2, 27745]	[4, 22689]	[0, 21476]	[0, 15008]	[0, 12399]	[4, 8320]	[0, 8127]	[0, 7992]	[12, 7642]	[12, 7046]	[2, 6504]	[2, 6361]	[2, 6158]	[2, 5796]	[0, 5674]	[0, 5353]	[10, 4685]	[6, 4513]	[0, 4416]	[0, 4215]	[0, 4055]	[118, 3920]	[0, 3530]	[0, 3253]	[0, 3041]	[0, 2983]	[0, 2969]	[0, 2855]	[0, 2805]	[0, 2699]	[0, 2656]	[0, 2646]	[0, 2489]	[0, 2415]	[0, 2387]	[0, 2378]	[0, 2321]	[4, 2318]	[0, 2276]	[0, 2274]	[4, 2186]	[0, 2168]	[0, 2165]	[0, 2145]	[0, 2140]	[0, 2043]	[0, 1951]	[0, 1942]	[0, 1930]	[0, 1899]	[0, 1884]	[0, 1880]	[2, 1803]	[0, 1788]	[0, 1774]	[0, 1750]	[0, 1658]	[2, 1652]	[0, 1650]	[0, 1599]	[0, 1553]	[0, 1537]	[0, 1484]	[0, 1472]	[0, 1451]	[0, 1445]	[0, 1444]	[0, 1428]	[0, 1428]	[4, 1400]	[0, 1368]	[0, 1361]	[0, 1308]	[0, 1300]	[0, 1298]	[18, 1233]	[0, 1216]	[0, 1202]	[0, 1201]	[0, 1179]	[0, 1143]	[0, 1136]	[0, 1121]	[0, 1048]	[0, 1048]	[0, 1045]	[0, 1040]	[0, 1029]	[0, 1026]	[0, 998]	[0, 993]	[0, 990]	[0, 981]	[0, 971]	[0, 970]	[0, 5431]	[0, 0]
14340-YK-8	[17582308, 248956422]	[4549621, 133797422]	[9309095, 135086622]	[11108380, 133275309]	[1505410, 114364328]	[5031765, 107043718]	[4209184, 101991189]	[5729796, 90338345]	[10823112, 83257441]	[2474555, 80373285]	[10590626, 58617616]	[8572229, 242193529]	[3941920, 64444167]	[16665186, 46709983]	[3228927, 50818468]	[8799869, 198295559]	[4693327, 190214555]	[8066978, 181538259]	[7796657, 170805979]	[7467890, 159345973]	[5774845, 145138636]	[6530896, 138394717]	[4033168, 16569]	[4613274, 156040895]	[351339, 57227415]	[2422, 1872759]	[7419, 448248]	[1579, 392061]	[32, 280839]	[347, 211173]	[6350, 210658]	[5802, 209709]	[11403, 201709]	[10, 198735]	[1100, 194050]	[6035, 191469]	[7437, 186739]	[6722, 185591]	[12075, 182896]	[0, 181920]	[8444988, 179772]	[6778, 179693]	[3526, 179198]	[404, 176845]	[62, 176608]	[1420, 176043]	[8876, 175055]	[110, 172810]	[14148, 168472]	[3761, 165050]	[404, 164239]	[8048472, 161802]	[30, 161471]	[11470, 161147]	[44, 158759]	[5394, 157432]	[4328, 155397]	[0, 153799]	[1546, 150754]	[9819, 150742]	[78, 148850]	[22, 138126]	[12899, 137718]	[192, 127682]	[0, 112551]	[6, 112505]	[2, 103838]	[4869, 100316]	[78, 99375]	[78, 93321]	[28, 92983]	[36, 92689]	[2, 91309]	[0, 79590]	[6, 73985]	[40, 71251]	[32, 66860]	[130, 66486]	[2, 62944]	[8, 44474]	[4161, 43739]	[6, 42811]	[6674, 42210]	[1264, 41891]	[54, 41717]	[152, 41543]	[276, 40745]	[12385, 40191]	[2, 40176]	[22, 40062]	[138, 39555]	[1072, 39050]	[18, 38115]	[826, 38054]	[0, 37690]	[0, 37240]	[6, 36723]	[334, 32032]	[0, 31033]	[0, 27745]	[2, 22689]	[0, 21476]	[0, 15008]	[0, 12399]	[2, 8320]	[4, 8127]	[0, 7992]	[22, 7642]	[0, 7046]	[0, 6504]	[0, 6361]	[0, 6158]	[4, 5796]	[0, 5674]	[0, 5353]	[2, 4685]	[2, 4513]	[0, 4416]	[0, 4215]	[0, 4055]	[124, 3920]	[0, 3530]	[0, 3253]	[0, 3041]	[0, 2983]	[0, 2969]	[0, 2855]	[0, 2805]	[0, 2699]	[0, 2656]	[0, 2646]	[0, 2489]	[0, 2415]	[0, 2387]	[0, 2378]	[0, 2321]	[0, 2318]	[0, 2276]	[0, 2274]	[0, 2186]	[0, 2168]	[0, 2165]	[0, 2145]	[0, 2140]	[0, 2043]	[0, 1951]	[0, 1942]	[0, 1930]	[0, 1899]	[0, 1884]	[0, 1880]	[0, 1803]	[0, 1788]	[0, 1774]	[0, 1750]	[0, 1658]	[2, 1652]	[0, 1650]	[0, 1599]	[0, 1553]	[0, 1537]	[0, 1484]	[0, 1472]	[0, 1451]	[0, 1445]	[0, 1444]	[0, 1428]	[0, 1428]	[0, 1400]	[0, 1368]	[0, 1361]	[0, 1308]	[0, 1300]	[0, 1298]	[36, 1233]	[0, 1216]	[0, 1202]	[0, 1201]	[0, 1179]	[0, 1143]	[0, 1136]	[2, 1121]	[0, 1048]	[0, 1048]	[0, 1045]	[0, 1040]	[0, 1029]	[0, 1026]	[0, 998]	[0, 993]	[0, 990]	[0, 981]	[0, 971]	[0, 970]	[0, 5431]	[0, 0]
14340-YK-9	[18071842, 248956422]	[4649843, 133797422]	[9564497, 135086622]	[11386889, 133275309]	[1549024, 114364328]	[5121219, 107043718]	[4329538, 101991189]	[5882601, 90338345]	[11100508, 83257441]	[2539306, 80373285]	[10918025, 58617616]	[8800568, 242193529]	[4036013, 64444167]	[17879280, 46709983]	[3316900, 50818468]	[8999663, 198295559]	[4808137, 190214555]	[8246896, 181538259]	[8015484, 170805979]	[7657189, 159345973]	[5949658, 145138636]	[6724561, 138394717]	[5460967, 16569]	[4729165, 156040895]	[358539, 57227415]	[2378, 1872759]	[7598, 448248]	[1566, 392061]	[10, 280839]	[402, 211173]	[6339, 210658]	[5611, 209709]	[11701, 201709]	[58, 198735]	[1220, 194050]	[6471, 191469]	[7644, 186739]	[6637, 185591]	[12335, 182896]	[2, 181920]	[9086833, 179772]	[6933, 179693]	[3712, 179198]	[528, 176845]	[100, 176608]	[1616, 176043]	[9422, 175055]	[84, 172810]	[13834, 168472]	[3636, 165050]	[336, 164239]	[8664317, 161802]	[6, 161471]	[12158, 161147]	[24, 158759]	[5425, 157432]	[4230, 155397]	[16, 153799]	[1498, 150754]	[10061, 150742]	[72, 148850]	[18, 138126]	[12729, 137718]	[178, 127682]	[0, 112551]	[8, 112505]	[2, 103838]	[4991, 100316]	[102, 99375]	[68, 93321]	[44, 92983]	[34, 92689]	[4, 91309]	[0, 79590]	[8, 73985]	[44, 71251]	[36, 66860]	[122, 66486]	[0, 62944]	[32, 44474]	[4279, 43739]	[14, 42811]	[6209, 42210]	[1215, 41891]	[44, 41717]	[126, 41543]	[260, 40745]	[12096, 40191]	[8, 40176]	[32, 40062]	[122, 39555]	[1092, 39050]	[10, 38115]	[977, 38054]	[0, 37690]	[0, 37240]	[4, 36723]	[440, 32032]	[0, 31033]	[0, 27745]	[0, 22689]	[0, 21476]	[0, 15008]	[0, 12399]	[4, 8320]	[0, 8127]	[0, 7992]	[10, 7642]	[0, 7046]	[0, 6504]	[0, 6361]	[6, 6158]	[4, 5796]	[0, 5674]	[0, 5353]	[0, 4685]	[4, 4513]	[0, 4416]	[0, 4215]	[0, 4055]	[110, 3920]	[0, 3530]	[0, 3253]	[0, 3041]	[0, 2983]	[0, 2969]	[0, 2855]	[0, 2805]	[0, 2699]	[0, 2656]	[0, 2646]	[0, 2489]	[0, 2415]	[0, 2387]	[0, 2378]	[0, 2321]	[0, 2318]	[0, 2276]	[0, 2274]	[0, 2186]	[0, 2168]	[0, 2165]	[0, 2145]	[0, 2140]	[0, 2043]	[0, 1951]	[0, 1942]	[0, 1930]	[0, 1899]	[0, 1884]	[0, 1880]	[0, 1803]	[0, 1788]	[0, 1774]	[0, 1750]	[0, 1658]	[8, 1652]	[0, 1650]	[0, 1599]	[2, 1553]	[0, 1537]	[0, 1484]	[0, 1472]	[0, 1451]	[0, 1445]	[0, 1444]	[0, 1428]	[0, 1428]	[0, 1400]	[0, 1368]	[0, 1361]	[0, 1308]	[0, 1300]	[0, 1298]	[38, 1233]	[0, 1216]	[0, 1202]	[0, 1201]	[0, 1179]	[0, 1143]	[0, 1136]	[0, 1121]	[0, 1048]	[0, 1048]	[0, 1045]	[0, 1040]	[0, 1029]	[0, 1026]	[0, 998]	[0, 993]	[0, 990]	[0, 981]	[0, 971]	[0, 970]	[0, 5431]	[0, 0]
