Sample	protein_coding	lncRNA	processed_pseudogene	TEC	unprocessed_pseudogene	transcribed_processed_pseudogene	unitary_pseudogene	miRNA	scaRNA	misc_RNA	snRNA	snoRNA	rRNA_pseudogene	rRNA	transcribed_unprocessed_pseudogene	IG_V_pseudogene	transcribed_unitary_pseudogene	IG_V_gene	IG_C_gene	IG_J_gene	scRNA	sRNA	ribozyme	translated_processed_pseudogene	vault_RNA	TR_V_gene	TR_V_pseudogene	TR_D_gene	TR_J_gene	TR_C_gene	IG_C_pseudogene	TR_J_pseudogene	IG_J_pseudogene	IG_D_gene	IG_pseudogene	artifact	Mt_tRNA	Mt_rRNA	pseudogene
14340-YK-1	130404872	2445299	240906	24630	22779	7822	60	3026	39	26118	1206	1997	119	31	3467	13	381	14	88	0	38591	0	0	14	31	290	9	0	104	1891	6	0	0	0	0	4497	1370	1163140	5
14340-YK-2	141086210	2555767	256875	26089	24522	8761	38	3031	51	19362	1127	2029	76	25	4064	17	537	39	82	0	36210	0	0	22	19	316	14	0	127	1921	10	0	0	0	0	4468	1335	1369239	2
14340-YK-3	144776052	2671953	275057	27796	23113	9473	59	3141	47	21876	1362	2466	124	59	4563	19	505	17	85	0	40209	0	0	28	33	338	19	0	126	1890	15	0	0	0	0	5020	1309	1190788	2
14340-YK-4	143348834	2759017	248663	28522	23897	8906	68	3268	51	20426	1278	2371	104	19	4781	6	566	24	77	0	31901	1	0	32	30	415	14	0	118	1820	12	0	0	0	0	5119	1568	1114936	4
14340-YK-5	145099688	2701672	268023	25815	23243	8548	75	3155	33	21814	1181	2241	63	39	4169	18	491	9	118	0	33744	0	2	28	33	314	13	0	92	1706	6	0	0	0	0	5196	1471	1079205	2
14340-YK-6	122672372	2352758	208426	23509	24585	7626	58	2624	57	17279	1037	2157	86	11	3637	14	463	5	80	0	27018	0	0	24	17	274	7	0	106	1545	9	0	0	0	0	4377	1617	1100633	5
14340-YK-7	139351376	2569662	245491	26047	24666	8416	34	3275	47	18365	1183	2342	93	23	4214	29	489	14	78	0	30423	0	0	28	14	369	13	0	130	1959	8	0	0	0	0	4990	1499	1273062	2
14340-YK-8	128073412	2380402	217440	24806	25346	7876	30	2971	75	17008	1165	2199	83	21	3999	10	477	23	75	0	28220	0	0	23	17	379	13	0	115	1963	8	0	0	0	0	4574	1408	1198515	0
14340-YK-9	131897561	2442459	230734	25054	30980	8019	46	2926	58	13055	1163	2130	90	6	3913	8	430	15	101	0	32162	0	0	27	9	345	21	0	127	1907	22	0	0	0	0	4477	1935	1597762	4
