Sample	1	2	3	4	5	6	7	8	9	10	11	12	13	14	15	16	17	18	19	20	21	22	23	24	25	26	27	28	29	30	31	32	33	34	35	36	37	38	39	40	41	42	43	44	45	46	47	48	49	50	51	52	53	54	55	56	57	58	59	60	61	62	63	64	65	66	67	68	69	70	71	72	73	74	75	76	77	78	79	80	81	82	83	84	85	86	87	88	89	90	91	92	93	94	95	96	97	98	99	100	101	102	103	104	105	106	107	108	109	110	111	112	113	114	115	116	117	118	119	120	121	122	123	124	125	126	127	128	129	130	131	132	133	134	135	136	137	138	139	140	141	142	143	144	145	146	147	148	149	150	151	152	153	154	155	156	157	158	159	160	161	162	163	164	165	166	167	168	169	170	171	172	173	174	175	176	177	178	179	180	181	182	183	184	185	186	187	188	189	190	191	192	193	194	195	196	197	198	199	200	201	202	203	204	205	206	207	208	209	210	211	212	213	214	215	216	217	218	219	220	221	222	223	224	225	226	227	228	229	230	231	232	233	234	235	236	237	238	239	240	241	242	243	244	245	246	247	248	249	250	251	252	253	254	255	256	257	258	259	260	261	262	263	264	265	266	267	268	269	270	271	272	273	274	275	276	277	278	279	280	281	282	283	284	285	286	287	288	289	290	291	292	293	294	295	296	297	298	299	300	301	302	303	304	305	306	307	308	309	310	311	312	313	314	315	316	317	318	319	320	321	322	323	324	325	326	327	328	329	330	331	332	333	334	335	336	337	338	339	340	341	342	343	344	345	346	347	348	349	350	351	352	353	354	355	356	357	358	359	360	361	362	363	364	365	366	367	368	369	370	371	372	373	374	375	376	377	378	379	380	381	382	383	384	385	386	387	388	389	390	391	392	393	394	395	396	397	398	399	400	401	402	403	404	405	406	407	408	409	410	411	412	413	414	415	416	417	418	419	420	421	422	423	424	425	426	427	428	429	430	431	432	433	434	435	436	437	438	439	440	441	442	443	444	445	446	447	448	449	450	451	452	453	454	455	456	457	458	459	460	461	462	463	464	465	466	467	468	469	470	471	472	473	474	475	476	477	478	479	480	481	482	483	484	485	486	487	488	489	490	491	492	493	494	495	496	497	498	499	500
14340-YK-1	17076137	13808204	2550838	3154868	916834	1006838	456697	456044	266154	259092	172160	166240	119612	114707	85492	83957	64244	63344	50099	49239	39673	39244	32750	32176	26547	26088	22180	21823	18802	18375	16116	15911	14101	13516	12141	12081	10458	10522	9346	9373	8370	8213	7519	7221	6729	6584	6122	5865	5539	5409	5039	4955	4553	4411	4153	3989	3788	3776	3537	3404	3189	3176	3115	2909	2744	2714	2596	2616	2411	2392	2219	2188	2082	2148	2049	1986	1836	1864	1727	1740	1713	1633	1550	1580	1521	1485	1400	1362	1337	1299	1299	1272	1160	1204	1141	1126	1079	1101	1064	1031	1001	973	984	906	917	857	881	886	889	817	750	781	799	714	716	741	709	731	677	675	690	662	646	664	599	573	652	553	571	528	559	523	572	516	512	474	523	496	465	481	488	444	440	401	398	425	441	427	438	389	381	420	395	372	395	349	371	343	377	320	312	330	319	318	332	352	299	324	284	320	292	263	268	289	298	278	283	305	284	286	238	240	265	280	231	225	234	243	211	215	205	224	196	209	225	195	199	206	229	225	199	201	204	195	218	212	179	182	170	209	179	165	170	191	152	157	173	180	156	146	180	191	163	184	154	148	165	145	143	139	138	163	133	162	139	149	140	109	158	143	130	160	130	141	128	116	116	119	127	117	135	117	136	105	109	105	116	103	122	112	128	119	112	111	97	119	114	105	112	102	94	115	87	96	108	101	108	95	99	83	95	99	95	99	96	88	86	92	97	80	99	94	77	85	84	74	78	81	72	73	86	78	90	76	86	62	61	73	94	67	72	63	70	58	68	60	76	78	70	54	62	68	82	67	50	58	64	69	69	66	69	62	59	66	59	52	55	53	41	69	56	73	49	53	59	60	64	60	53	53	51	61	50	60	61	51	54	52	49	68	55	40	50	51	49	53	41	43	48	45	53	48	41	53	49	47	51	52	36	49	35	52	36	41	50	50	28	54	41	50	47	31	51	42	38	50	47	34	37	39	53	35	36	37	35	44	36	44	31	39	45	37	29	41	44	39	41	45	35	29	31	31	43	48	34	36	28	29	25	31	38	45	31	36	26	37	26	48	35	32	32	40	28	22	28	39	25	24	26	37	36	31	23	27	22	39	30	30	24	19	30	28	25	34	29	38	20	23	23	24	25	21	43	24	31	23	20	27	24	25	27	29	26	20	24	36	26	29	29	31	29	29	18	28	20	22	29	22	29	27
14340-YK-2	18411615	12861661	2773494	2896247	1029737	974366	520826	470240	308887	277939	201184	182496	140386	128358	102963	94223	77378	72363	59724	56305	47817	44905	38642	36536	32031	30875	26698	25541	22454	21798	19462	18789	16824	16304	14373	14180	12932	12430	11230	11006	10006	9785	9112	8777	7993	7742	7280	7030	6512	6301	6188	5803	5496	5373	4956	4864	4614	4425	4225	4113	3890	3799	3721	3538	3351	3271	3032	3170	2967	2814	2809	2609	2562	2438	2457	2414	2161	2158	2077	2087	2001	1985	1839	1864	1834	1781	1772	1606	1587	1589	1455	1459	1404	1448	1348	1330	1329	1271	1270	1178	1184	1174	1122	1131	1101	1114	1098	1013	963	957	995	899	906	888	850	843	789	804	823	790	789	824	709	740	745	699	746	715	698	714	649	644	646	600	592	615	569	601	558	581	541	534	535	491	544	502	525	481	474	467	503	459	452	429	421	434	433	425	474	423	416	386	361	390	373	386	378	359	368	382	358	336	344	361	343	310	314	342	342	291	347	299	312	247	275	312	314	261	263	256	292	266	261	288	254	248	237	228	223	264	251	236	272	210	217	216	235	238	217	214	200	196	223	231	227	206	218	183	174	214	178	206	188	179	196	194	181	189	199	199	188	182	163	172	161	139	162	156	156	178	152	141	137	147	143	151	147	141	170	164	131	152	128	140	153	146	136	143	134	129	126	149	106	138	134	117	110	119	123	127	120	128	108	118	105	143	120	115	124	105	129	104	131	90	104	105	116	95	110	106	95	110	103	110	97	94	107	100	103	95	88	91	107	103	88	91	97	96	80	83	89	98	86	94	83	68	78	81	78	84	93	70	61	77	88	85	70	83	79	75	77	60	75	70	67	81	73	66	78	76	72	73	68	54	66	73	75	57	66	55	65	58	60	59	49	52	78	61	63	66	51	58	48	61	58	67	54	43	48	41	59	46	66	52	70	44	52	46	51	59	47	54	52	48	41	49	53	53	60	59	41	61	55	55	51	50	54	52	53	45	56	50	49	47	47	48	45	43	50	48	44	50	52	42	46	48	53	38	44	50	48	38	39	38	46	41	37	31	38	39	38	36	33	36	47	30	49	37	37	40	31	40	42	48	24	24	55	37	51	37	34	33	34	37	43	40	36	35	33	42	37	30	41	34	41	25	32	38	30	25	38	27	25	31	37	29	36	38	29	32	25	23	34	40	25	47	25	24	33	17	28	28	32	29	35	31	35	15	25	29
14340-YK-3	19180418	13875484	2787632	3015899	1033638	997331	524190	483063	310463	284211	202959	186687	141870	130634	103364	96173	78018	72935	60514	57372	48636	45692	38960	37533	32577	30863	26804	25981	22936	22054	19659	19243	16977	16345	14702	14480	12895	12510	11430	11011	10129	9789	9183	8825	8411	7800	7306	7102	6696	6570	6124	5757	5689	5401	5051	4860	4546	4442	4322	4261	4049	3975	3594	3571	3377	3317	3224	3075	3015	2882	2680	2724	2503	2504	2427	2314	2305	2208	2210	2073	2062	1988	1865	1891	1795	1820	1731	1611	1609	1598	1515	1432	1471	1438	1424	1391	1278	1284	1274	1246	1169	1196	1163	1168	1097	1066	1049	1006	944	947	965	944	971	936	899	877	862	856	799	765	797	791	805	766	726	693	717	663	667	667	652	617	646	617	612	631	621	574	587	546	546	555	533	535	531	508	506	533	504	482	432	456	408	444	424	443	399	394	420	423	437	427	383	407	377	351	349	368	390	370	346	323	360	353	335	317	317	327	335	309	341	335	338	316	329	293	299	262	274	263	293	285	266	272	259	259	235	282	240	248	234	218	243	225	225	242	233	221	197	236	216	218	198	204	213	200	199	214	193	191	190	188	222	198	175	206	160	198	165	178	151	175	151	182	172	168	146	165	178	156	189	158	147	163	161	154	149	135	134	138	140	158	129	150	153	131	129	136	132	128	143	124	144	118	151	131	120	126	131	128	112	116	133	127	132	114	121	109	98	101	119	110	124	117	98	117	124	101	102	105	103	94	107	97	81	107	77	107	104	99	81	95	85	98	116	79	98	86	103	90	94	85	91	88	84	77	98	90	79	75	93	80	76	78	66	95	88	64	69	81	75	78	64	69	68	75	75	60	72	62	78	73	65	67	59	47	60	75	65	68	68	72	57	49	57	53	74	61	64	62	60	69	58	66	63	54	63	46	62	57	49	58	52	62	46	52	46	54	45	51	65	47	54	47	52	47	56	53	74	42	47	48	47	49	54	58	61	41	51	38	44	55	47	59	44	49	41	49	40	53	57	43	46	44	51	48	43	46	41	40	44	32	44	37	45	49	39	47	27	35	40	32	46	39	40	51	33	50	40	40	29	43	44	41	51	29	37	43	35	40	48	45	22	34	29	35	35	36	30	36	41	30	35	31	26	27	48	30	29	28	32	27	35	29	32	37	31	23	30	30	27	37	33	27	29	29	37	26	32	36	21	40	29	24	33	33	28	24	28	25
14340-YK-4	19564027	13354496	2906611	3024849	1069005	1013601	540017	487582	318081	285047	207759	187294	143414	131142	104946	95785	79129	73284	61189	57202	48911	45391	39261	36842	32109	30763	27313	25599	23003	21969	19666	18572	16847	16426	14750	14141	12830	12424	11357	11031	10252	9635	9017	8760	8167	7816	7245	6929	6478	6422	6011	5635	5446	5257	4929	4886	4549	4376	4208	4059	3978	3818	3551	3543	3441	3300	3192	3070	2949	2838	2661	2638	2580	2417	2365	2371	2217	2189	2048	2050	1993	1919	1831	1832	1719	1702	1586	1655	1596	1525	1512	1467	1443	1403	1312	1347	1259	1289	1239	1172	1198	1148	1090	1000	1064	1031	994	1006	999	1013	896	883	898	860	910	852	790	820	816	783	720	753	680	745	691	753	675	699	666	688	574	640	605	567	579	609	545	588	505	561	558	515	542	532	518	520	467	472	482	477	445	475	442	401	423	407	402	449	384	387	362	370	347	366	349	369	363	360	362	337	340	344	337	339	306	317	347	310	312	290	321	313	289	299	299	286	265	255	253	261	291	271	273	267	231	233	227	240	252	222	250	221	239	227	206	220	223	224	197	212	188	229	235	194	209	198	209	219	188	175	188	180	175	184	189	176	172	189	171	172	163	165	164	190	167	159	188	184	156	172	147	130	161	158	139	158	143	140	116	160	112	141	133	130	130	160	141	112	135	117	137	115	131	125	123	109	112	99	110	108	122	134	123	111	102	120	105	109	116	100	100	115	118	108	116	119	86	105	110	85	93	106	95	97	100	102	79	92	105	92	85	91	76	84	90	89	100	87	89	93	73	81	73	71	85	84	65	75	73	72	69	71	68	86	81	84	64	72	78	75	56	72	77	89	72	64	54	58	64	64	72	62	71	75	65	71	59	69	59	59	76	66	73	55	55	60	54	62	66	56	62	53	53	51	57	52	72	71	55	48	51	62	51	61	40	50	64	46	57	61	59	53	57	41	52	49	43	51	46	42	48	57	49	54	31	38	60	49	46	43	39	43	45	49	47	58	45	50	47	37	51	42	40	33	48	36	34	43	35	46	39	38	45	43	40	34	45	37	40	37	39	48	43	36	38	43	29	38	34	31	20	33	36	32	34	35	40	36	43	36	30	36	33	32	34	31	34	29	24	33	21	34	40	40	26	25	33	32	29	46	37	31	20	24	35	35	30	39	32	34	17	32	25	24	37	23	30	32	39	29	33	29	20	21	27	46	30	31	24	29
14340-YK-5	19075756	12913743	2903775	3005815	1070685	1020830	540982	488192	320467	286568	208409	188093	144592	131714	105434	96113	79445	73784	62114	57701	48984	46138	39459	37614	33284	30855	27610	26048	23314	22056	20088	18969	17327	16609	15012	14421	13282	12517	11707	11179	10343	9868	9201	8939	8256	7930	7451	7197	6884	6515	6119	5973	5673	5296	5101	4886	4788	4522	4376	4248	4047	3899	3642	3518	3496	3354	3210	3014	2967	2873	2745	2857	2533	2490	2461	2311	2259	2245	2198	2084	2042	2014	1945	1876	1813	1760	1655	1771	1605	1574	1551	1515	1504	1459	1425	1413	1322	1259	1298	1263	1226	1114	1121	1108	1088	1185	1073	1052	974	980	939	993	909	967	898	902	902	871	868	847	765	744	762	700	743	744	766	714	691	667	655	617	617	639	593	596	640	568	600	571	550	552	522	506	512	516	506	492	527	476	471	465	432	472	421	422	422	399	410	423	396	403	407	381	406	385	397	380	393	340	383	330	351	363	323	354	354	303	319	336	315	310	286	310	324	308	284	285	296	287	290	245	298	232	270	265	262	234	242	244	225	253	251	237	213	229	248	238	234	201	211	204	208	215	225	182	178	237	195	188	183	212	187	203	165	182	198	188	175	195	181	176	187	178	185	178	179	181	175	164	155	151	154	166	180	142	141	160	155	157	144	135	154	124	148	144	144	175	133	153	142	133	130	119	130	126	110	121	124	115	129	130	117	122	139	109	143	129	105	110	123	105	119	107	112	105	104	112	108	104	99	118	100	73	114	85	96	88	108	92	79	99	105	107	75	94	97	96	91	96	102	91	95	86	91	92	103	102	89	79	89	83	82	73	75	81	79	93	94	88	69	82	83	80	74	91	66	66	83	73	62	71	68	79	64	75	76	76	74	68	77	53	73	46	72	59	58	59	61	50	73	78	60	67	61	55	50	67	65	67	67	62	69	64	63	38	47	64	65	55	60	59	58	53	51	49	49	39	52	57	67	60	44	48	44	49	43	55	40	55	49	41	41	43	45	51	46	42	42	42	36	43	41	51	60	35	50	47	43	38	48	51	37	47	57	44	31	45	51	38	46	47	34	40	47	41	30	32	41	35	38	44	52	38	37	36	48	34	42	39	32	36	40	43	42	32	31	38	31	25	32	36	34	19	42	31	36	33	37	40	25	35	25	24	20	36	36	30	33	32	29	29	31	44	28	33	35	38	33	28	26	38	25	24	30	30	31	24	21	37
14340-YK-6	17306701	12568222	2631225	2877806	937794	935368	458616	425904	266330	243552	169794	155266	116963	107899	84468	77966	62512	58448	48401	45185	38127	36393	30872	29392	25295	24356	21547	20235	17945	16989	15084	14708	13074	12498	11296	10906	9904	9606	8638	8531	7776	7526	6926	6597	6260	6129	5677	5432	5078	5027	4578	4305	4141	4152	3787	3769	3409	3262	3199	3060	2957	2926	2820	2776	2506	2515	2361	2262	2191	2048	2080	2120	2005	1862	1824	1844	1707	1689	1591	1546	1475	1474	1379	1391	1303	1322	1225	1264	1214	1197	1181	1143	1102	1094	1075	982	996	1010	931	948	937	920	865	889	802	823	749	755	820	738	708	718	728	677	648	666	649	607	599	571	655	630	555	556	527	528	529	538	493	487	503	482	495	458	450	449	459	427	419	425	412	421	388	387	406	404	339	358	376	358	362	363	375	333	315	283	317	297	310	343	284	292	331	300	278	298	287	293	276	247	267	277	231	241	260	214	252	217	244	216	222	228	220	242	237	230	218	212	192	217	223	195	175	225	208	191	217	195	208	197	176	167	161	181	177	173	164	173	177	161	157	146	157	142	159	150	145	140	173	146	157	142	126	147	154	143	135	133	137	119	125	143	135	139	109	128	119	131	111	124	129	120	105	127	103	106	101	124	118	84	84	117	100	118	104	108	104	95	110	96	100	91	81	102	85	96	87	96	92	88	77	89	105	90	89	95	93	78	99	85	77	92	91	104	85	75	74	84	88	78	77	78	90	73	73	72	79	62	69	84	85	66	75	71	63	62	69	76	68	78	73	76	82	57	66	51	67	60	53	60	62	65	62	56	43	42	56	59	68	50	40	65	60	49	53	48	55	50	47	50	64	54	47	62	56	54	45	54	47	54	48	47	57	49	53	55	43	35	56	45	43	38	50	57	45	38	40	41	45	35	48	43	37	45	37	39	51	50	42	30	38	37	45	40	43	41	38	33	36	32	42	43	41	29	35	25	32	36	38	32	33	36	25	35	43	35	47	30	42	31	30	27	36	30	42	39	53	51	35	32	23	32	30	26	36	30	38	32	23	32	30	31	30	29	23	30	32	28	27	30	29	31	32	27	29	25	25	23	36	24	25	27	34	27	32	24	34	24	37	29	35	19	22	22	26	26	19	26	24	30	25	29	27	35	23	26	32	17	27	14	30	17	23	30	22	20	24	19	16	21	26	22	23	15	17	26	19	20	18	23
14340-YK-7	19115519	12543228	2864721	2869179	1046819	972502	527523	467486	310599	276271	201773	181307	139749	126618	101878	92883	76853	70451	59565	55391	46815	43952	38061	36103	31478	29552	26223	25076	22586	21129	19127	18186	16571	15681	14339	13735	12802	11954	11066	10734	9688	9584	8901	8267	7674	7836	6987	6882	6397	6174	5852	5660	5338	5219	4764	4802	4498	4321	4090	3963	3856	3725	3546	3407	3251	3220	3102	2916	2899	2700	2676	2492	2422	2445	2343	2236	2100	2202	2003	1957	1878	1919	1885	1803	1680	1653	1615	1644	1553	1520	1533	1425	1430	1364	1355	1329	1213	1206	1229	1167	1213	1079	1117	1156	1000	976	1063	1015	955	941	900	874	916	884	898	848	780	789	804	726	769	743	728	752	702	617	663	699	649	633	615	693	649	606	570	583	559	566	538	583	550	539	501	490	517	479	490	475	485	415	470	450	450	403	433	402	441	407	375	375	397	399	385	395	410	381	319	337	358	338	323	375	340	340	313	286	325	335	358	281	317	291	267	283	266	294	244	275	264	268	241	273	308	251	257	257	235	218	259	256	192	250	219	240	229	229	217	230	221	218	213	174	183	198	192	224	193	196	214	206	182	190	168	185	186	186	179	195	178	185	153	183	150	141	192	136	136	169	154	164	178	165	167	141	142	135	153	147	141	157	142	123	140	136	133	132	153	124	124	137	129	116	114	103	127	151	120	114	99	108	115	119	133	102	120	97	129	112	117	104	117	102	119	78	124	109	95	110	92	98	82	95	107	100	113	95	89	103	83	102	96	89	105	98	89	102	86	86	87	88	77	74	81	77	72	88	85	85	61	84	65	71	75	80	73	75	71	79	82	62	64	64	86	83	76	78	72	64	74	63	65	62	62	82	74	61	66	63	76	69	50	69	68	65	71	53	68	66	58	57	61	62	56	59	66	57	52	58	53	54	56	52	57	59	64	57	53	57	55	48	45	43	45	54	55	37	39	47	43	54	34	50	49	41	56	48	65	43	41	64	45	47	46	48	37	51	33	43	39	54	44	42	53	28	57	49	44	32	37	42	35	37	38	34	39	49	51	46	47	32	35	33	35	38	31	34	47	39	48	28	46	40	37	38	27	30	35	42	38	44	27	44	31	32	38	44	32	35	41	33	45	39	35	35	41	42	32	26	37	35	41	26	26	28	24	36	36	33	25	33	29	38	27	34	33	30	30	26	24	30	31	29	36	23	34	28	29	27	21	29
14340-YK-8	18464996	12047682	2675214	2572370	975351	865681	488340	424814	288041	251654	185036	165692	128158	115693	93318	84820	69785	64600	54161	50583	43119	40077	34673	32658	28573	26906	23679	22348	20187	19206	17093	16403	14725	14157	13041	12251	11198	11025	9745	9620	8950	8499	7864	7654	7120	7016	6398	6249	5712	5506	5221	5075	4832	4755	4455	4247	4006	3900	3696	3600	3377	3195	3217	3073	2938	2788	2686	2645	2508	2472	2415	2332	2210	2116	2076	2086	2009	1886	1783	1771	1728	1658	1641	1612	1593	1538	1483	1522	1383	1333	1248	1250	1261	1225	1160	1122	1153	1128	1071	1034	1056	1009	962	981	923	923	832	915	876	853	863	836	768	768	744	739	728	700	673	612	720	633	672	640	610	609	642	606	596	558	570	569	578	499	514	487	530	533	461	482	478	470	470	445	453	481	433	439	380	424	430	409	368	385	400	380	389	380	348	328	333	326	330	345	332	321	274	321	307	306	284	282	268	276	284	284	285	278	288	290	273	245	267	252	260	244	258	243	257	245	239	247	220	240	226	209	233	221	223	201	228	203	211	201	220	203	210	191	199	180	175	174	179	199	185	183	186	176	167	172	171	178	183	176	164	133	142	149	138	159	153	139	124	163	150	157	135	128	133	143	126	125	143	129	143	119	139	117	137	117	105	129	128	91	141	113	93	110	106	112	106	108	118	97	123	108	118	121	102	103	104	99	107	104	95	92	96	106	72	109	99	109	76	91	98	98	75	100	84	90	85	78	85	77	80	65	76	66	77	86	73	105	79	79	91	66	67	88	87	82	68	82	69	86	68	73	77	67	71	66	68	76	64	62	61	67	74	67	76	60	73	62	57	77	72	67	73	56	56	63	66	57	49	66	48	51	54	46	50	49	51	52	60	51	54	56	56	51	44	58	53	61	60	48	51	59	45	41	52	53	36	50	50	46	62	48	47	40	52	39	43	50	51	48	45	37	45	40	47	39	37	33	38	51	35	53	29	35	42	31	49	46	49	33	38	40	36	38	44	39	34	44	32	44	43	42	39	40	36	31	43	32	38	26	39	44	42	39	39	31	33	30	32	28	31	26	38	35	36	27	38	38	26	25	36	31	28	27	32	36	36	27	33	25	36	36	20	36	31	24	36	31	32	25	35	26	29	29	27	36	21	37	22	31	39	24	24	26	21	27	38	27	36	24	24	24	23	29	19	24	30	21	21	23	27	20	22	30	18	30
14340-YK-9	18720992	12073534	2702404	2614661	986576	883543	497517	432496	292385	257828	189969	169550	131028	118869	95670	87485	72429	66450	56056	51869	44563	41842	35866	33812	29722	28166	24968	23503	21129	19991	17994	17098	15429	14672	13594	12952	11713	11563	10441	9983	9289	8782	8279	8070	7447	7174	6550	6486	6008	5840	5487	5230	5042	4860	4514	4315	4154	4165	3821	3704	3575	3425	3290	3243	3130	3089	2904	2747	2703	2559	2541	2437	2396	2268	2237	2180	2052	1966	1964	1841	1831	1779	1752	1774	1540	1594	1549	1503	1428	1428	1425	1302	1417	1255	1246	1279	1202	1222	1135	1149	1065	1089	998	1040	1017	1005	910	911	871	856	838	854	837	834	821	765	750	720	750	713	679	680	691	671	631	663	620	617	625	678	570	573	585	549	585	548	526	564	545	487	491	516	489	503	472	465	430	468	440	433	403	408	403	428	389	418	383	401	374	423	374	364	363	360	365	360	310	331	326	336	331	330	335	296	281	288	272	296	282	314	282	259	278	275	280	267	244	246	255	259	283	219	250	218	229	217	249	214	246	248	212	199	223	199	217	207	188	222	213	212	207	213	194	193	196	174	194	201	189	184	192	166	192	191	187	180	172	162	147	165	147	138	168	145	148	152	149	151	143	143	148	146	141	141	143	130	116	127	139	131	133	124	125	120	126	124	113	130	134	118	111	137	111	134	137	115	119	111	97	124	129	127	105	90	117	108	102	102	100	119	96	104	100	96	99	97	98	91	89	101	92	91	94	106	88	92	88	89	84	103	90	124	89	80	88	80	89	72	87	85	88	85	84	80	73	69	80	72	84	56	66	73	73	67	75	69	60	61	76	78	83	66	68	61	74	59	62	59	73	72	50	53	57	87	44	59	51	46	79	52	59	56	91	61	48	58	42	45	58	56	49	42	57	67	58	44	55	56	51	52	57	62	66	58	55	50	45	48	51	47	61	66	66	52	58	47	43	38	36	54	32	44	48	38	47	41	48	52	50	46	65	39	45	39	59	39	46	51	45	55	40	38	37	36	47	38	35	27	36	42	27	35	32	41	44	30	35	41	35	38	41	38	36	40	45	46	44	46	45	42	29	32	32	37	32	35	24	31	35	35	27	28	34	37	27	30	36	36	41	35	29	34	28	36	28	46	30	35	39	25	27	22	33	31	25	36	24	25	18	27	30	30	39	21	30	23	32	30	32	38	27	25	29	28	29	25	32	31	23	30
