Sample	0	1	2	3	4	5	6	7	8	9	10	11	12	13	14	15	16	17	18	19	20	21	22	23	24	25	26	27	28	29	30	31	32	33	34	35	36	37	38	39	40	41	42	43	44	45	46	47	48	49	50	51	52	53	54	55	56	57	58	59	60	61	62	63	64	65	66	67	68	69	70	71	72	73	74	75	76	77	78	79	80	81	82	83	84	85	86	87	88	89	90	91	92	93	94	95	96	97	98	99	100	101	102	103	104	105	106	107	108	109	110	111	112	113	114	115	116	117	118	119	120	121	122	123	124	125	126	127	128	129	130	131	132	133	134	135	136	137	138	139	140	141	142	143	144	145	146	147	148	149	150	151	152	153	154	155	156	157	158	159	160	161	162	163	164	165	166	167	168	169	170	171	172	173	174	175	176	177	178	179	180	181	182	183	184	185	186	187	188	189	190	191	192	193	194	195	196	197	198	199
14340-YK-1	(1, 17076137)	(4, 3154868)	(6, 1006838)	(9, 266154)	(11, 172160)	(14, 114707)	(16, 83957)	(19, 50099)	(21, 39673)	(24, 32176)	(26, 26088)	(29, 18802)	(31, 16116)	(34, 13516)	(36, 12081)	(39, 9346)	(41, 8370)	(44, 7221)	(46, 6584)	(49, 5539)	(51, 5039)	(54, 4411)	(56, 3989)	(59, 3537)	(61, 3189)	(64, 2909)	(66, 2714)	(69, 2411)	(71, 2219)	(74, 2148)	(76, 1986)	(79, 1727)	(81, 1713)	(84, 1580)	(86, 1485)	(89, 1337)	(91, 1299)	(94, 1204)	(96, 1126)	(99, 1064)	(101, 1001)	(104, 906)	(106, 857)	(109, 889)	(111, 750)	(114, 714)	(116, 741)	(119, 677)	(121, 690)	(124, 664)	(126, 573)	(129, 571)	(131, 559)	(134, 516)	(136, 474)	(139, 465)	(141, 488)	(144, 401)	(146, 425)	(149, 438)	(151, 381)	(154, 372)	(156, 349)	(159, 377)	(161, 312)	(164, 318)	(166, 352)	(169, 284)	(172, 263)	(174, 289)	(177, 283)	(179, 284)	(182, 240)	(184, 280)	(187, 234)	(189, 211)	(192, 224)	(194, 209)	(197, 199)	(199, 229)	(202, 201)	(204, 195)	(207, 179)	(209, 170)	(212, 165)	(214, 191)	(217, 173)	(219, 156)	(222, 191)	(224, 184)	(227, 165)	(229, 143)	(232, 163)	(234, 162)	(237, 140)	(239, 158)	(242, 160)	(244, 141)	(247, 116)	(249, 127)	(252, 117)	(254, 105)	(257, 116)	(259, 122)	(262, 119)	(264, 111)	(267, 114)	(269, 112)	(272, 115)	(274, 96)	(277, 108)	(279, 99)	(282, 99)	(284, 99)	(287, 86)	(289, 97)	(292, 94)	(294, 85)	(297, 78)	(299, 72)	(302, 78)	(304, 76)	(307, 61)	(309, 94)	(312, 63)	(314, 58)	(317, 76)	(319, 70)	(322, 68)	(324, 67)	(327, 64)	(329, 69)	(332, 62)	(335, 59)	(337, 55)	(340, 69)	(342, 73)	(345, 59)	(347, 64)	(350, 53)	(352, 61)	(355, 61)	(357, 54)	(360, 68)	(362, 40)	(365, 49)	(367, 41)	(370, 45)	(372, 48)	(375, 49)	(377, 51)	(380, 49)	(382, 52)	(385, 50)	(387, 28)	(390, 50)	(392, 31)	(395, 38)	(397, 47)	(400, 39)	(402, 35)	(405, 35)	(407, 36)	(410, 39)	(412, 37)	(415, 44)	(417, 41)	(420, 29)	(422, 31)	(425, 34)	(427, 28)	(430, 31)	(432, 45)	(435, 26)	(437, 26)	(440, 32)	(442, 40)	(445, 28)	(447, 25)	(450, 37)	(452, 31)	(455, 22)	(457, 30)	(460, 19)	(462, 28)	(465, 29)	(467, 20)	(470, 24)	(472, 21)	(475, 31)	(477, 20)	(480, 25)	(482, 29)	(485, 24)	(487, 26)	(490, 31)	(492, 29)	(495, 20)	(497, 29)	(500, 27)
14340-YK-2	(1, 18411615)	(4, 2896247)	(6, 974366)	(9, 308887)	(11, 201184)	(14, 128358)	(16, 94223)	(19, 59724)	(21, 47817)	(24, 36536)	(26, 30875)	(29, 22454)	(31, 19462)	(34, 16304)	(36, 14180)	(39, 11230)	(41, 10006)	(44, 8777)	(46, 7742)	(49, 6512)	(51, 6188)	(54, 5373)	(56, 4864)	(59, 4225)	(61, 3890)	(64, 3538)	(66, 3271)	(69, 2967)	(71, 2809)	(74, 2438)	(76, 2414)	(79, 2077)	(81, 2001)	(84, 1864)	(86, 1781)	(89, 1587)	(91, 1455)	(94, 1448)	(96, 1330)	(99, 1270)	(101, 1184)	(104, 1131)	(106, 1114)	(109, 963)	(111, 995)	(114, 888)	(116, 843)	(119, 823)	(121, 789)	(124, 740)	(126, 699)	(129, 698)	(131, 649)	(134, 600)	(136, 615)	(139, 558)	(141, 541)	(144, 491)	(146, 502)	(149, 474)	(151, 503)	(154, 429)	(156, 434)	(159, 474)	(161, 416)	(164, 390)	(166, 386)	(169, 368)	(172, 336)	(174, 361)	(177, 314)	(179, 342)	(182, 299)	(184, 247)	(187, 314)	(189, 263)	(192, 266)	(194, 288)	(197, 237)	(199, 223)	(202, 236)	(204, 210)	(207, 235)	(209, 217)	(212, 196)	(214, 231)	(217, 218)	(219, 174)	(222, 206)	(224, 179)	(227, 181)	(229, 199)	(232, 182)	(234, 172)	(237, 162)	(239, 156)	(242, 141)	(244, 147)	(247, 147)	(249, 170)	(252, 152)	(254, 140)	(257, 136)	(259, 134)	(262, 149)	(264, 138)	(267, 110)	(269, 123)	(272, 128)	(274, 118)	(277, 120)	(279, 124)	(282, 104)	(284, 90)	(287, 116)	(289, 110)	(292, 110)	(294, 110)	(297, 107)	(299, 103)	(302, 91)	(304, 103)	(307, 97)	(309, 80)	(312, 98)	(314, 94)	(317, 78)	(319, 78)	(322, 70)	(324, 77)	(327, 70)	(329, 79)	(332, 60)	(335, 67)	(337, 73)	(340, 76)	(342, 73)	(345, 66)	(347, 75)	(350, 55)	(352, 58)	(355, 49)	(357, 78)	(360, 66)	(362, 58)	(365, 58)	(367, 54)	(370, 41)	(372, 46)	(375, 70)	(377, 52)	(380, 59)	(382, 54)	(385, 41)	(387, 53)	(390, 59)	(392, 61)	(395, 51)	(397, 54)	(400, 45)	(402, 50)	(405, 47)	(407, 45)	(410, 48)	(412, 50)	(415, 46)	(417, 53)	(420, 50)	(422, 38)	(425, 46)	(427, 37)	(430, 39)	(432, 36)	(435, 47)	(437, 49)	(440, 40)	(442, 40)	(445, 24)	(447, 55)	(450, 37)	(452, 33)	(455, 43)	(457, 36)	(460, 42)	(462, 30)	(465, 41)	(467, 32)	(470, 25)	(472, 27)	(475, 37)	(477, 36)	(480, 32)	(482, 23)	(485, 25)	(487, 25)	(490, 17)	(492, 28)	(495, 35)	(497, 35)	(500, 29)
14340-YK-3	(1, 19180418)	(4, 3015899)	(6, 997331)	(9, 310463)	(11, 202959)	(14, 130634)	(16, 96173)	(19, 60514)	(21, 48636)	(24, 37533)	(26, 30863)	(29, 22936)	(31, 19659)	(34, 16345)	(36, 14480)	(39, 11430)	(41, 10129)	(44, 8825)	(46, 7800)	(49, 6696)	(51, 6124)	(54, 5401)	(56, 4860)	(59, 4322)	(61, 4049)	(64, 3571)	(66, 3317)	(69, 3015)	(71, 2680)	(74, 2504)	(76, 2314)	(79, 2210)	(81, 2062)	(84, 1891)	(86, 1820)	(89, 1609)	(91, 1515)	(94, 1438)	(96, 1391)	(99, 1274)	(101, 1169)	(104, 1168)	(106, 1066)	(109, 944)	(111, 965)	(114, 936)	(116, 877)	(119, 799)	(121, 797)	(124, 766)	(126, 693)	(129, 667)	(131, 652)	(134, 617)	(136, 631)	(139, 587)	(141, 546)	(144, 535)	(146, 508)	(149, 504)	(151, 432)	(154, 444)	(156, 443)	(159, 420)	(161, 437)	(164, 407)	(166, 351)	(169, 390)	(172, 323)	(174, 353)	(177, 317)	(179, 335)	(182, 335)	(184, 316)	(187, 299)	(189, 274)	(192, 285)	(194, 272)	(197, 235)	(199, 240)	(202, 218)	(204, 225)	(207, 233)	(209, 197)	(212, 218)	(214, 204)	(217, 199)	(219, 193)	(222, 188)	(224, 198)	(227, 160)	(229, 165)	(232, 175)	(234, 182)	(237, 146)	(239, 178)	(242, 158)	(244, 163)	(247, 149)	(249, 134)	(252, 158)	(254, 150)	(257, 129)	(259, 132)	(262, 124)	(264, 118)	(267, 120)	(269, 131)	(272, 116)	(274, 127)	(277, 121)	(279, 98)	(282, 110)	(284, 117)	(287, 124)	(289, 102)	(292, 94)	(294, 97)	(297, 77)	(299, 104)	(302, 95)	(304, 98)	(307, 98)	(309, 103)	(312, 85)	(314, 88)	(317, 98)	(319, 79)	(322, 80)	(324, 78)	(327, 88)	(329, 69)	(332, 78)	(335, 68)	(337, 75)	(340, 62)	(342, 73)	(345, 59)	(347, 60)	(350, 68)	(352, 72)	(355, 57)	(357, 74)	(360, 62)	(362, 69)	(365, 63)	(367, 63)	(370, 57)	(372, 58)	(375, 46)	(377, 46)	(380, 51)	(382, 47)	(385, 52)	(387, 56)	(390, 42)	(392, 48)	(395, 54)	(397, 61)	(400, 38)	(402, 55)	(405, 44)	(407, 41)	(410, 53)	(412, 43)	(415, 51)	(417, 43)	(420, 40)	(422, 32)	(425, 45)	(427, 39)	(430, 35)	(432, 32)	(435, 40)	(437, 33)	(440, 40)	(442, 43)	(445, 51)	(447, 37)	(450, 40)	(452, 45)	(455, 29)	(457, 35)	(460, 36)	(462, 30)	(465, 26)	(467, 48)	(470, 28)	(472, 27)	(475, 32)	(477, 31)	(480, 30)	(482, 37)	(485, 29)	(487, 37)	(490, 36)	(492, 40)	(495, 33)	(497, 28)	(500, 25)
14340-YK-4	(1, 19564027)	(4, 3024849)	(6, 1013601)	(9, 318081)	(11, 207759)	(14, 131142)	(16, 95785)	(19, 61189)	(21, 48911)	(24, 36842)	(26, 30763)	(29, 23003)	(31, 19666)	(34, 16426)	(36, 14141)	(39, 11357)	(41, 10252)	(44, 8760)	(46, 7816)	(49, 6478)	(51, 6011)	(54, 5257)	(56, 4886)	(59, 4208)	(61, 3978)	(64, 3543)	(66, 3300)	(69, 2949)	(71, 2661)	(74, 2417)	(76, 2371)	(79, 2048)	(81, 1993)	(84, 1832)	(86, 1702)	(89, 1596)	(91, 1512)	(94, 1403)	(96, 1347)	(99, 1239)	(101, 1198)	(104, 1000)	(106, 1031)	(109, 999)	(111, 896)	(114, 860)	(116, 852)	(119, 816)	(121, 720)	(124, 745)	(126, 753)	(129, 666)	(131, 574)	(134, 567)	(136, 609)	(139, 505)	(141, 558)	(144, 532)	(146, 520)	(149, 482)	(151, 445)	(154, 401)	(156, 407)	(159, 384)	(161, 362)	(164, 366)	(166, 369)	(169, 362)	(172, 344)	(174, 339)	(177, 347)	(179, 312)	(182, 313)	(184, 299)	(187, 265)	(189, 253)	(192, 271)	(194, 267)	(197, 227)	(199, 252)	(202, 221)	(204, 227)	(207, 223)	(209, 197)	(212, 229)	(214, 194)	(217, 209)	(219, 188)	(222, 180)	(224, 184)	(227, 172)	(229, 171)	(232, 165)	(234, 190)	(237, 188)	(239, 156)	(242, 130)	(244, 158)	(247, 143)	(249, 116)	(252, 141)	(254, 130)	(257, 141)	(259, 135)	(262, 115)	(264, 125)	(267, 112)	(269, 110)	(272, 134)	(274, 111)	(277, 105)	(279, 116)	(282, 115)	(284, 108)	(287, 86)	(289, 110)	(292, 106)	(294, 97)	(297, 79)	(299, 105)	(302, 91)	(304, 84)	(307, 100)	(309, 89)	(312, 81)	(314, 71)	(317, 65)	(319, 73)	(322, 71)	(324, 86)	(327, 64)	(329, 78)	(332, 72)	(335, 72)	(337, 54)	(340, 64)	(342, 62)	(345, 65)	(347, 59)	(350, 59)	(352, 66)	(355, 55)	(357, 54)	(360, 56)	(362, 53)	(365, 57)	(367, 72)	(370, 48)	(372, 62)	(375, 40)	(377, 64)	(380, 61)	(382, 53)	(385, 52)	(387, 43)	(390, 42)	(392, 57)	(395, 31)	(397, 60)	(400, 43)	(402, 43)	(405, 47)	(407, 45)	(410, 37)	(412, 42)	(415, 48)	(417, 34)	(420, 46)	(422, 38)	(425, 40)	(427, 45)	(430, 37)	(432, 48)	(435, 38)	(437, 29)	(440, 31)	(442, 33)	(445, 34)	(447, 40)	(450, 36)	(452, 36)	(455, 34)	(457, 34)	(460, 33)	(462, 34)	(465, 26)	(467, 33)	(470, 46)	(472, 31)	(475, 35)	(477, 30)	(480, 34)	(482, 32)	(485, 37)	(487, 30)	(490, 29)	(492, 29)	(495, 27)	(497, 30)	(500, 29)
14340-YK-5	(1, 19075756)	(4, 3005815)	(6, 1020830)	(9, 320467)	(11, 208409)	(14, 131714)	(16, 96113)	(19, 62114)	(21, 48984)	(24, 37614)	(26, 30855)	(29, 23314)	(31, 20088)	(34, 16609)	(36, 14421)	(39, 11707)	(41, 10343)	(44, 8939)	(46, 7930)	(49, 6884)	(51, 6119)	(54, 5296)	(56, 4886)	(59, 4376)	(61, 4047)	(64, 3518)	(66, 3354)	(69, 2967)	(71, 2745)	(74, 2490)	(76, 2311)	(79, 2198)	(81, 2042)	(84, 1876)	(86, 1760)	(89, 1605)	(91, 1551)	(94, 1459)	(96, 1413)	(99, 1298)	(101, 1226)	(104, 1108)	(106, 1185)	(109, 974)	(111, 939)	(114, 967)	(116, 902)	(119, 868)	(121, 765)	(124, 700)	(126, 744)	(129, 691)	(131, 655)	(134, 639)	(136, 596)	(139, 600)	(141, 550)	(144, 506)	(146, 516)	(149, 527)	(151, 471)	(154, 472)	(156, 422)	(159, 410)	(161, 396)	(164, 381)	(166, 385)	(169, 393)	(172, 330)	(174, 363)	(177, 354)	(179, 319)	(182, 310)	(184, 310)	(187, 284)	(189, 296)	(192, 245)	(194, 232)	(197, 262)	(199, 242)	(202, 253)	(204, 237)	(207, 248)	(209, 234)	(212, 204)	(214, 215)	(217, 178)	(219, 195)	(222, 212)	(224, 203)	(227, 198)	(229, 175)	(232, 176)	(234, 178)	(237, 179)	(239, 175)	(242, 151)	(244, 166)	(247, 141)	(249, 155)	(252, 135)	(254, 124)	(257, 144)	(259, 133)	(262, 133)	(264, 119)	(267, 110)	(269, 124)	(272, 130)	(274, 122)	(277, 143)	(279, 105)	(282, 105)	(284, 107)	(287, 104)	(289, 108)	(292, 118)	(294, 73)	(297, 96)	(299, 108)	(302, 99)	(304, 107)	(307, 97)	(309, 91)	(312, 91)	(314, 86)	(317, 103)	(319, 89)	(322, 83)	(324, 73)	(327, 79)	(329, 94)	(332, 82)	(335, 74)	(337, 66)	(340, 73)	(342, 71)	(345, 64)	(347, 76)	(350, 68)	(352, 53)	(355, 72)	(357, 58)	(360, 50)	(362, 78)	(365, 61)	(367, 50)	(370, 67)	(372, 62)	(375, 63)	(377, 47)	(380, 55)	(382, 59)	(385, 51)	(387, 49)	(390, 57)	(392, 60)	(395, 44)	(397, 43)	(400, 55)	(402, 41)	(405, 45)	(407, 46)	(410, 42)	(412, 43)	(415, 60)	(417, 50)	(420, 38)	(422, 51)	(425, 57)	(427, 31)	(430, 38)	(432, 47)	(435, 47)	(437, 30)	(440, 35)	(442, 44)	(445, 37)	(447, 48)	(450, 39)	(452, 36)	(455, 42)	(457, 31)	(460, 25)	(462, 36)	(465, 42)	(467, 36)	(470, 40)	(472, 35)	(475, 20)	(477, 36)	(480, 32)	(482, 29)	(485, 28)	(487, 35)	(490, 28)	(492, 38)	(495, 30)	(497, 31)	(500, 37)
14340-YK-6	(1, 17306701)	(4, 2877806)	(6, 935368)	(9, 266330)	(11, 169794)	(14, 107899)	(16, 77966)	(19, 48401)	(21, 38127)	(24, 29392)	(26, 24356)	(29, 17945)	(31, 15084)	(34, 12498)	(36, 10906)	(39, 8638)	(41, 7776)	(44, 6597)	(46, 6129)	(49, 5078)	(51, 4578)	(54, 4152)	(56, 3769)	(59, 3199)	(61, 2957)	(64, 2776)	(66, 2515)	(69, 2191)	(71, 2080)	(74, 1862)	(76, 1844)	(79, 1591)	(81, 1475)	(84, 1391)	(86, 1322)	(89, 1214)	(91, 1181)	(94, 1094)	(96, 982)	(99, 931)	(101, 937)	(104, 889)	(106, 823)	(109, 820)	(111, 708)	(114, 677)	(116, 666)	(119, 599)	(121, 655)	(124, 556)	(126, 528)	(129, 493)	(131, 503)	(134, 458)	(136, 449)	(139, 419)	(141, 412)	(144, 387)	(146, 404)	(149, 376)	(151, 362)	(154, 333)	(156, 283)	(159, 310)	(161, 284)	(164, 300)	(166, 298)	(169, 276)	(172, 277)	(174, 241)	(177, 252)	(179, 244)	(182, 228)	(184, 242)	(187, 218)	(189, 192)	(192, 195)	(194, 225)	(197, 217)	(199, 208)	(202, 167)	(204, 181)	(207, 164)	(209, 177)	(212, 146)	(214, 142)	(217, 145)	(219, 173)	(222, 142)	(224, 147)	(227, 135)	(229, 137)	(232, 143)	(234, 139)	(237, 119)	(239, 111)	(242, 120)	(244, 127)	(247, 101)	(249, 118)	(252, 117)	(254, 118)	(257, 104)	(259, 110)	(262, 91)	(264, 102)	(267, 87)	(269, 92)	(272, 89)	(274, 90)	(277, 93)	(279, 99)	(282, 92)	(284, 104)	(287, 74)	(289, 88)	(292, 78)	(294, 73)	(297, 79)	(299, 69)	(302, 66)	(304, 71)	(307, 69)	(309, 68)	(312, 76)	(314, 57)	(317, 67)	(319, 53)	(322, 65)	(324, 56)	(327, 56)	(329, 68)	(332, 65)	(335, 53)	(337, 55)	(340, 50)	(342, 54)	(345, 56)	(347, 45)	(350, 54)	(352, 47)	(355, 53)	(357, 43)	(360, 45)	(362, 38)	(365, 45)	(367, 40)	(370, 35)	(372, 43)	(375, 37)	(377, 51)	(380, 30)	(382, 37)	(385, 43)	(387, 38)	(390, 32)	(392, 43)	(395, 35)	(397, 32)	(400, 32)	(402, 36)	(405, 43)	(407, 47)	(410, 31)	(412, 27)	(415, 42)	(417, 53)	(420, 32)	(422, 32)	(425, 36)	(427, 38)	(430, 32)	(432, 31)	(435, 23)	(437, 32)	(440, 30)	(442, 31)	(445, 29)	(447, 25)	(450, 24)	(452, 27)	(455, 32)	(457, 34)	(460, 29)	(462, 19)	(465, 26)	(467, 19)	(470, 30)	(472, 29)	(475, 23)	(477, 32)	(480, 14)	(482, 17)	(485, 22)	(487, 24)	(490, 21)	(492, 22)	(495, 17)	(497, 19)	(500, 23)
14340-YK-7	(1, 19115519)	(4, 2869179)	(6, 972502)	(9, 310599)	(11, 201773)	(14, 126618)	(16, 92883)	(19, 59565)	(21, 46815)	(24, 36103)	(26, 29552)	(29, 22586)	(31, 19127)	(34, 15681)	(36, 13735)	(39, 11066)	(41, 9688)	(44, 8267)	(46, 7836)	(49, 6397)	(51, 5852)	(54, 5219)	(56, 4802)	(59, 4090)	(61, 3856)	(64, 3407)	(66, 3220)	(69, 2899)	(71, 2676)	(74, 2445)	(76, 2236)	(79, 2003)	(81, 1878)	(84, 1803)	(86, 1653)	(89, 1553)	(91, 1533)	(94, 1364)	(96, 1329)	(99, 1229)	(101, 1213)	(104, 1156)	(106, 976)	(109, 955)	(111, 900)	(114, 884)	(116, 848)	(119, 804)	(121, 769)	(124, 752)	(126, 617)	(129, 649)	(131, 615)	(134, 606)	(136, 583)	(139, 538)	(141, 550)	(144, 490)	(146, 479)	(149, 485)	(151, 470)	(154, 403)	(156, 402)	(159, 375)	(161, 397)	(164, 395)	(166, 381)	(169, 358)	(172, 375)	(174, 340)	(177, 325)	(179, 358)	(182, 291)	(184, 283)	(187, 244)	(189, 264)	(192, 273)	(194, 251)	(197, 235)	(199, 259)	(202, 250)	(204, 240)	(207, 217)	(209, 221)	(212, 174)	(214, 198)	(217, 193)	(219, 214)	(222, 190)	(224, 185)	(227, 179)	(229, 178)	(232, 183)	(234, 141)	(237, 136)	(239, 154)	(242, 165)	(244, 141)	(247, 153)	(249, 141)	(252, 123)	(254, 136)	(257, 153)	(259, 124)	(262, 116)	(264, 103)	(267, 120)	(269, 99)	(272, 119)	(274, 102)	(277, 129)	(279, 117)	(282, 102)	(284, 78)	(287, 95)	(289, 92)	(292, 95)	(294, 100)	(297, 89)	(299, 83)	(302, 89)	(304, 98)	(307, 86)	(309, 87)	(312, 74)	(314, 77)	(317, 85)	(319, 61)	(322, 71)	(324, 80)	(327, 71)	(329, 82)	(332, 64)	(335, 76)	(337, 72)	(340, 63)	(342, 62)	(345, 74)	(347, 66)	(350, 69)	(352, 69)	(355, 71)	(357, 68)	(360, 57)	(362, 62)	(365, 66)	(367, 52)	(370, 54)	(372, 52)	(375, 64)	(377, 53)	(380, 48)	(382, 43)	(385, 55)	(387, 39)	(390, 54)	(392, 50)	(395, 56)	(397, 65)	(400, 64)	(402, 47)	(405, 37)	(407, 33)	(410, 54)	(412, 42)	(415, 57)	(417, 44)	(420, 42)	(422, 37)	(425, 39)	(427, 51)	(430, 32)	(432, 33)	(435, 31)	(437, 47)	(440, 28)	(442, 40)	(445, 27)	(447, 35)	(450, 44)	(452, 44)	(455, 38)	(457, 32)	(460, 33)	(462, 39)	(465, 41)	(467, 32)	(470, 35)	(472, 26)	(475, 24)	(477, 36)	(480, 33)	(482, 38)	(485, 33)	(487, 30)	(490, 30)	(492, 29)	(495, 34)	(497, 29)	(500, 29)
14340-YK-8	(1, 18464996)	(4, 2572370)	(6, 865681)	(9, 288041)	(11, 185036)	(14, 115693)	(16, 84820)	(19, 54161)	(21, 43119)	(24, 32658)	(26, 26906)	(29, 20187)	(31, 17093)	(34, 14157)	(36, 12251)	(39, 9745)	(41, 8950)	(44, 7654)	(46, 7016)	(49, 5712)	(51, 5221)	(54, 4755)	(56, 4247)	(59, 3696)	(61, 3377)	(64, 3073)	(66, 2788)	(69, 2508)	(71, 2415)	(74, 2116)	(76, 2086)	(79, 1783)	(81, 1728)	(84, 1612)	(86, 1538)	(89, 1383)	(91, 1248)	(94, 1225)	(96, 1122)	(99, 1071)	(101, 1056)	(104, 981)	(106, 923)	(109, 876)	(111, 863)	(114, 768)	(116, 739)	(119, 673)	(121, 720)	(124, 640)	(126, 609)	(129, 596)	(131, 570)	(134, 499)	(136, 487)	(139, 461)	(141, 478)	(144, 445)	(146, 481)	(149, 380)	(151, 430)	(154, 385)	(156, 380)	(159, 348)	(161, 333)	(164, 345)	(166, 321)	(169, 307)	(172, 282)	(174, 276)	(177, 285)	(179, 288)	(182, 245)	(184, 252)	(187, 258)	(189, 257)	(192, 247)	(194, 240)	(197, 233)	(199, 223)	(202, 203)	(204, 201)	(207, 210)	(209, 199)	(212, 174)	(214, 199)	(217, 186)	(219, 167)	(222, 178)	(224, 176)	(227, 142)	(229, 138)	(232, 139)	(234, 163)	(237, 135)	(239, 133)	(242, 125)	(244, 129)	(247, 139)	(249, 137)	(252, 129)	(254, 91)	(257, 93)	(259, 106)	(262, 108)	(264, 97)	(267, 118)	(269, 102)	(272, 99)	(274, 104)	(277, 96)	(279, 72)	(282, 109)	(284, 91)	(287, 75)	(289, 84)	(292, 78)	(294, 77)	(297, 76)	(299, 77)	(302, 105)	(304, 79)	(307, 67)	(309, 87)	(312, 82)	(314, 86)	(317, 77)	(319, 71)	(322, 76)	(324, 62)	(327, 74)	(329, 76)	(332, 62)	(335, 72)	(337, 73)	(340, 63)	(342, 57)	(345, 48)	(347, 54)	(350, 49)	(352, 52)	(355, 54)	(357, 56)	(360, 58)	(362, 61)	(365, 51)	(367, 45)	(370, 53)	(372, 50)	(375, 62)	(377, 47)	(380, 39)	(382, 50)	(385, 45)	(387, 45)	(390, 39)	(392, 33)	(395, 35)	(397, 29)	(400, 31)	(402, 46)	(405, 38)	(407, 36)	(410, 39)	(412, 44)	(415, 43)	(417, 39)	(420, 31)	(422, 32)	(425, 39)	(427, 42)	(430, 31)	(432, 30)	(435, 31)	(437, 38)	(440, 27)	(442, 38)	(445, 36)	(447, 28)	(450, 36)	(452, 27)	(455, 36)	(457, 20)	(460, 24)	(462, 31)	(465, 35)	(467, 29)	(470, 36)	(472, 37)	(475, 39)	(477, 24)	(480, 27)	(482, 27)	(485, 24)	(487, 23)	(490, 24)	(492, 21)	(495, 27)	(497, 22)	(500, 30)
14340-YK-9	(1, 18720992)	(4, 2614661)	(6, 883543)	(9, 292385)	(11, 189969)	(14, 118869)	(16, 87485)	(19, 56056)	(21, 44563)	(24, 33812)	(26, 28166)	(29, 21129)	(31, 17994)	(34, 14672)	(36, 12952)	(39, 10441)	(41, 9289)	(44, 8070)	(46, 7174)	(49, 6008)	(51, 5487)	(54, 4860)	(56, 4315)	(59, 3821)	(61, 3575)	(64, 3243)	(66, 3089)	(69, 2703)	(71, 2541)	(74, 2268)	(76, 2180)	(79, 1964)	(81, 1831)	(84, 1774)	(86, 1594)	(89, 1428)	(91, 1425)	(94, 1255)	(96, 1279)	(99, 1135)	(101, 1065)	(104, 1040)	(106, 1005)	(109, 871)	(111, 838)	(114, 834)	(116, 765)	(119, 750)	(121, 679)	(124, 671)	(126, 663)	(129, 625)	(131, 570)	(134, 549)	(136, 548)	(139, 545)	(141, 491)	(144, 503)	(146, 465)	(149, 440)	(151, 403)	(154, 428)	(156, 418)	(159, 374)	(161, 374)	(164, 360)	(166, 360)	(169, 326)	(172, 330)	(174, 296)	(177, 272)	(179, 282)	(182, 259)	(184, 275)	(187, 244)	(189, 255)	(192, 219)	(194, 218)	(197, 249)	(199, 246)	(202, 199)	(204, 199)	(207, 188)	(209, 213)	(212, 213)	(214, 193)	(217, 194)	(219, 189)	(222, 166)	(224, 191)	(227, 172)	(229, 147)	(232, 138)	(234, 145)	(237, 149)	(239, 143)	(242, 146)	(244, 141)	(247, 116)	(249, 139)	(252, 124)	(254, 120)	(257, 113)	(259, 134)	(262, 137)	(264, 134)	(267, 119)	(269, 97)	(272, 127)	(274, 90)	(277, 102)	(279, 100)	(282, 104)	(284, 96)	(287, 98)	(289, 89)	(292, 91)	(294, 106)	(297, 88)	(299, 84)	(302, 124)	(304, 80)	(307, 89)	(309, 87)	(312, 85)	(314, 80)	(317, 80)	(319, 84)	(322, 73)	(324, 67)	(327, 60)	(329, 76)	(332, 66)	(335, 74)	(337, 62)	(340, 72)	(342, 53)	(345, 44)	(347, 51)	(350, 52)	(352, 56)	(355, 48)	(357, 42)	(360, 56)	(362, 42)	(365, 58)	(367, 55)	(370, 52)	(372, 62)	(375, 55)	(377, 45)	(380, 47)	(382, 66)	(385, 58)	(387, 43)	(390, 54)	(392, 44)	(395, 47)	(397, 48)	(400, 46)	(402, 39)	(405, 59)	(407, 46)	(410, 55)	(412, 38)	(415, 47)	(417, 35)	(420, 42)	(422, 35)	(425, 44)	(427, 35)	(430, 38)	(432, 38)	(435, 45)	(437, 44)	(440, 42)	(442, 32)	(445, 32)	(447, 24)	(450, 35)	(452, 28)	(455, 27)	(457, 36)	(460, 35)	(462, 34)	(465, 28)	(467, 30)	(470, 25)	(472, 22)	(475, 25)	(477, 24)	(480, 27)	(482, 30)	(485, 30)	(487, 32)	(490, 38)	(492, 25)	(495, 29)	(497, 32)	(500, 30)
